"Stazione","ParamNome","ParamUdm","Data","Ora","Media","Validit√†"
"Pisticci","p-Xilene","µg/m≥","01/01/2021","01","0.150","1"
"Pisticci","p-Xilene","µg/m≥","01/01/2021","02","0.100","1"
"Pisticci","p-Xilene","µg/m≥","01/01/2021","03","0.130","1"
"Pisticci","p-Xilene","µg/m≥","01/01/2021","04","0.050","1"
"Pisticci","p-Xilene","µg/m≥","01/01/2021","05","0.140","1"
"Pisticci","p-Xilene","µg/m≥","01/01/2021","06","0.020","1"
"Pisticci","p-Xilene","µg/m≥","01/01/2021","07","0.060","1"
"Pisticci","p-Xilene","µg/m≥","01/01/2021","08","0.020","1"
"Pisticci","p-Xilene","µg/m≥","01/01/2021","09","0.060","1"
"Pisticci","p-Xilene","µg/m≥","01/01/2021","10","0.070","1"
"Pisticci","p-Xilene","µg/m≥","01/01/2021","11","0.090","1"
"Pisticci","p-Xilene","µg/m≥","01/01/2021","12","0.090","1"
"Pisticci","p-Xilene","µg/m≥","01/01/2021","13","0.200","1"
"Pisticci","p-Xilene","µg/m≥","01/01/2021","14","0.090","1"
"Pisticci","p-Xilene","µg/m≥","01/01/2021","15","0.110","1"
"Pisticci","p-Xilene","µg/m≥","01/01/2021","16","0.010","1"
"Pisticci","p-Xilene","µg/m≥","01/01/2021","17","0.080","1"
"Pisticci","p-Xilene","µg/m≥","01/01/2021","18","0.090","1"
"Pisticci","p-Xilene","µg/m≥","01/01/2021","19","0.120","1"
"Pisticci","p-Xilene","µg/m≥","01/01/2021","20","0.170","1"
"Pisticci","p-Xilene","µg/m≥","01/01/2021","21","0.150","1"
"Pisticci","p-Xilene","µg/m≥","01/01/2021","22","0.300","1"
"Pisticci","p-Xilene","µg/m≥","01/01/2021","23","0.030","1"
"Pisticci","p-Xilene","µg/m≥","01/01/2021","24","0.030","1"
"Pisticci","p-Xilene","µg/m≥","02/01/2021","01","0.090","1"
"Pisticci","p-Xilene","µg/m≥","02/01/2021","02","0.090","1"
"Pisticci","p-Xilene","µg/m≥","02/01/2021","03","0.060","1"
"Pisticci","p-Xilene","µg/m≥","02/01/2021","04","0.100","1"
"Pisticci","p-Xilene","µg/m≥","02/01/2021","05","0.020","1"
"Pisticci","p-Xilene","µg/m≥","02/01/2021","06","0.060","1"
"Pisticci","p-Xilene","µg/m≥","02/01/2021","07","0.060","1"
"Pisticci","p-Xilene","µg/m≥","02/01/2021","08","0.060","1"
"Pisticci","p-Xilene","µg/m≥","02/01/2021","09","0.070","1"
"Pisticci","p-Xilene","µg/m≥","02/01/2021","10","0.130","1"
"Pisticci","p-Xilene","µg/m≥","02/01/2021","11","0.140","1"
"Pisticci","p-Xilene","µg/m≥","02/01/2021","12","0.030","1"
"Pisticci","p-Xilene","µg/m≥","02/01/2021","13","0.190","1"
"Pisticci","p-Xilene","µg/m≥","02/01/2021","14","0.100","1"
"Pisticci","p-Xilene","µg/m≥","02/01/2021","15","0.020","1"
"Pisticci","p-Xilene","µg/m≥","02/01/2021","16","0.020","1"
"Pisticci","p-Xilene","µg/m≥","02/01/2021","17","0.020","1"
"Pisticci","p-Xilene","µg/m≥","02/01/2021","18","0.120","1"
"Pisticci","p-Xilene","µg/m≥","02/01/2021","19","0.050","1"
"Pisticci","p-Xilene","µg/m≥","02/01/2021","20","0.020","1"
"Pisticci","p-Xilene","µg/m≥","02/01/2021","21","0.140","1"
"Pisticci","p-Xilene","µg/m≥","02/01/2021","22","0.240","1"
"Pisticci","p-Xilene","µg/m≥","02/01/2021","23","0.210","1"
"Pisticci","p-Xilene","µg/m≥","02/01/2021","24","0.100","1"
"Pisticci","p-Xilene","µg/m≥","03/01/2021","01","0.150","1"
"Pisticci","p-Xilene","µg/m≥","03/01/2021","02","0.090","1"
"Pisticci","p-Xilene","µg/m≥","03/01/2021","03","0.030","1"
"Pisticci","p-Xilene","µg/m≥","03/01/2021","04","0.090","1"
"Pisticci","p-Xilene","µg/m≥","03/01/2021","05","0.050","1"
"Pisticci","p-Xilene","µg/m≥","03/01/2021","06","0.090","1"
"Pisticci","p-Xilene","µg/m≥","03/01/2021","07","0.020","1"
"Pisticci","p-Xilene","µg/m≥","03/01/2021","08","0.240","1"
"Pisticci","p-Xilene","µg/m≥","03/01/2021","09","0.020","1"
"Pisticci","p-Xilene","µg/m≥","03/01/2021","10","0.160","1"
"Pisticci","p-Xilene","µg/m≥","03/01/2021","11","0.200","1"
"Pisticci","p-Xilene","µg/m≥","03/01/2021","12","0.180","1"
"Pisticci","p-Xilene","µg/m≥","03/01/2021","13","0.220","1"
"Pisticci","p-Xilene","µg/m≥","03/01/2021","14","0.200","1"
"Pisticci","p-Xilene","µg/m≥","03/01/2021","15","0.080","1"
"Pisticci","p-Xilene","µg/m≥","03/01/2021","16","0.050","1"
"Pisticci","p-Xilene","µg/m≥","03/01/2021","17","0.060","1"
"Pisticci","p-Xilene","µg/m≥","03/01/2021","18","0.120","1"
"Pisticci","p-Xilene","µg/m≥","03/01/2021","19","0.080","1"
"Pisticci","p-Xilene","µg/m≥","03/01/2021","20","0.130","1"
"Pisticci","p-Xilene","µg/m≥","03/01/2021","21","0.140","1"
"Pisticci","p-Xilene","µg/m≥","03/01/2021","22","0.260","1"
"Pisticci","p-Xilene","µg/m≥","03/01/2021","23","0.200","1"
"Pisticci","p-Xilene","µg/m≥","03/01/2021","24","0.090","1"
"Pisticci","p-Xilene","µg/m≥","04/01/2021","01","0.180","1"
"Pisticci","p-Xilene","µg/m≥","04/01/2021","02","0.140","1"
"Pisticci","p-Xilene","µg/m≥","04/01/2021","03","0.120","1"
"Pisticci","p-Xilene","µg/m≥","04/01/2021","04","0.070","1"
"Pisticci","p-Xilene","µg/m≥","04/01/2021","05","0.030","1"
"Pisticci","p-Xilene","µg/m≥","04/01/2021","06","0.050","1"
"Pisticci","p-Xilene","µg/m≥","04/01/2021","07","0.030","1"
"Pisticci","p-Xilene","µg/m≥","04/01/2021","08","0.070","1"
"Pisticci","p-Xilene","µg/m≥","04/01/2021","09","0.380","1"
"Pisticci","p-Xilene","µg/m≥","04/01/2021","10","0.470","1"
"Pisticci","p-Xilene","µg/m≥","04/01/2021","11","0.460","1"
"Pisticci","p-Xilene","µg/m≥","04/01/2021","12","0.370","1"
"Pisticci","p-Xilene","µg/m≥","04/01/2021","13","0.330","1"
"Pisticci","p-Xilene","µg/m≥","04/01/2021","14","0.250","1"
"Pisticci","p-Xilene","µg/m≥","04/01/2021","15","0.160","1"
"Pisticci","p-Xilene","µg/m≥","04/01/2021","16","0.100","1"
"Pisticci","p-Xilene","µg/m≥","04/01/2021","17","0.160","1"
"Pisticci","p-Xilene","µg/m≥","04/01/2021","18","0.070","1"
"Pisticci","p-Xilene","µg/m≥","04/01/2021","19","0.220","1"
"Pisticci","p-Xilene","µg/m≥","04/01/2021","20","0.520","1"
"Pisticci","p-Xilene","µg/m≥","04/01/2021","21","0.670","1"
"Pisticci","p-Xilene","µg/m≥","04/01/2021","22","0.740","1"
"Pisticci","p-Xilene","µg/m≥","04/01/2021","23","0.590","1"
"Pisticci","p-Xilene","µg/m≥","04/01/2021","24","0.500","1"
"Pisticci","p-Xilene","µg/m≥","05/01/2021","01","0.460","1"
"Pisticci","p-Xilene","µg/m≥","05/01/2021","02","1.030","1"
"Pisticci","p-Xilene","µg/m≥","05/01/2021","03","0.470","1"
"Pisticci","p-Xilene","µg/m≥","05/01/2021","04","0.320","1"
"Pisticci","p-Xilene","µg/m≥","05/01/2021","05","0.230","1"
"Pisticci","p-Xilene","µg/m≥","05/01/2021","06","0.190","1"
"Pisticci","p-Xilene","µg/m≥","05/01/2021","07","0.110","1"
"Pisticci","p-Xilene","µg/m≥","05/01/2021","08","0.100","1"
"Pisticci","p-Xilene","µg/m≥","05/01/2021","09","0.310","1"
"Pisticci","p-Xilene","µg/m≥","05/01/2021","10","0.320","1"
"Pisticci","p-Xilene","µg/m≥","05/01/2021","11","0.360","1"
"Pisticci","p-Xilene","µg/m≥","05/01/2021","12","0.370","1"
"Pisticci","p-Xilene","µg/m≥","05/01/2021","13","0.410","1"
"Pisticci","p-Xilene","µg/m≥","05/01/2021","14","0.320","1"
"Pisticci","p-Xilene","µg/m≥","05/01/2021","15","0.190","1"
"Pisticci","p-Xilene","µg/m≥","05/01/2021","16","0.100","1"
"Pisticci","p-Xilene","µg/m≥","05/01/2021","17","0.150","1"
"Pisticci","p-Xilene","µg/m≥","05/01/2021","18","0.330","1"
"Pisticci","p-Xilene","µg/m≥","05/01/2021","19","0.160","1"
"Pisticci","p-Xilene","µg/m≥","05/01/2021","20","0.250","1"
"Pisticci","p-Xilene","µg/m≥","05/01/2021","21","0.140","1"
"Pisticci","p-Xilene","µg/m≥","05/01/2021","22","0.450","1"
"Pisticci","p-Xilene","µg/m≥","05/01/2021","23","0.450","1"
"Pisticci","p-Xilene","µg/m≥","05/01/2021","24","0.310","1"
"Pisticci","p-Xilene","µg/m≥","06/01/2021","01","0.150","1"
"Pisticci","p-Xilene","µg/m≥","06/01/2021","02","0.300","1"
"Pisticci","p-Xilene","µg/m≥","06/01/2021","03","0.110","1"
"Pisticci","p-Xilene","µg/m≥","06/01/2021","04","0.200","1"
"Pisticci","p-Xilene","µg/m≥","06/01/2021","05","0.180","1"
"Pisticci","p-Xilene","µg/m≥","06/01/2021","06","0.030","1"
"Pisticci","p-Xilene","µg/m≥","06/01/2021","07","0.020","1"
"Pisticci","p-Xilene","µg/m≥","06/01/2021","08","0.010","1"
"Pisticci","p-Xilene","µg/m≥","06/01/2021","09","0.140","1"
"Pisticci","p-Xilene","µg/m≥","06/01/2021","10","0.170","1"
"Pisticci","p-Xilene","µg/m≥","06/01/2021","11","0.270","1"
"Pisticci","p-Xilene","µg/m≥","06/01/2021","12","0.140","1"
"Pisticci","p-Xilene","µg/m≥","06/01/2021","13","0.270","1"
"Pisticci","p-Xilene","µg/m≥","06/01/2021","14","0.310","1"
"Pisticci","p-Xilene","µg/m≥","06/01/2021","15","0.280","1"
"Pisticci","p-Xilene","µg/m≥","06/01/2021","16","0.360","1"
"Pisticci","p-Xilene","µg/m≥","06/01/2021","17","0.160","1"
"Pisticci","p-Xilene","µg/m≥","06/01/2021","18","0.170","1"
"Pisticci","p-Xilene","µg/m≥","06/01/2021","19","0.170","1"
"Pisticci","p-Xilene","µg/m≥","06/01/2021","20","0.130","1"
"Pisticci","p-Xilene","µg/m≥","06/01/2021","21","0.230","1"
"Pisticci","p-Xilene","µg/m≥","06/01/2021","22","0.450","1"
"Pisticci","p-Xilene","µg/m≥","06/01/2021","23","0.500","1"
"Pisticci","p-Xilene","µg/m≥","06/01/2021","24","0.300","1"
"Pisticci","p-Xilene","µg/m≥","07/01/2021","01","0.480","1"
"Pisticci","p-Xilene","µg/m≥","07/01/2021","02","0.510","1"
"Pisticci","p-Xilene","µg/m≥","07/01/2021","03","0.360","1"
"Pisticci","p-Xilene","µg/m≥","07/01/2021","04","0.340","1"
"Pisticci","p-Xilene","µg/m≥","07/01/2021","05","0.280","1"
"Pisticci","p-Xilene","µg/m≥","07/01/2021","06","0.210","1"
"Pisticci","p-Xilene","µg/m≥","07/01/2021","07","0.100","1"
"Pisticci","p-Xilene","µg/m≥","07/01/2021","08","0.210","1"
"Pisticci","p-Xilene","µg/m≥","07/01/2021","09","0.290","1"
"Pisticci","p-Xilene","µg/m≥","07/01/2021","10","0.340","1"
"Pisticci","p-Xilene","µg/m≥","07/01/2021","11","0.310","1"
"Pisticci","p-Xilene","µg/m≥","07/01/2021","12","0.270","1"
"Pisticci","p-Xilene","µg/m≥","07/01/2021","13","0.500","1"
"Pisticci","p-Xilene","µg/m≥","07/01/2021","14","0.600","1"
"Pisticci","p-Xilene","µg/m≥","07/01/2021","15","0.460","1"
"Pisticci","p-Xilene","µg/m≥","07/01/2021","16","0.440","1"
"Pisticci","p-Xilene","µg/m≥","07/01/2021","17","0.350","1"
"Pisticci","p-Xilene","µg/m≥","07/01/2021","18","0.200","1"
"Pisticci","p-Xilene","µg/m≥","07/01/2021","19","0.540","1"
"Pisticci","p-Xilene","µg/m≥","07/01/2021","20","0.750","1"
"Pisticci","p-Xilene","µg/m≥","07/01/2021","21","0.630","1"
"Pisticci","p-Xilene","µg/m≥","07/01/2021","22","0.610","1"
"Pisticci","p-Xilene","µg/m≥","07/01/2021","23","0.550","1"
"Pisticci","p-Xilene","µg/m≥","07/01/2021","24","0.550","1"
"Pisticci","p-Xilene","µg/m≥","08/01/2021","01","0.470","1"
"Pisticci","p-Xilene","µg/m≥","08/01/2021","02","0.420","1"
"Pisticci","p-Xilene","µg/m≥","08/01/2021","03","0.370","1"
"Pisticci","p-Xilene","µg/m≥","08/01/2021","04","0.340","1"
"Pisticci","p-Xilene","µg/m≥","08/01/2021","05","0.300","1"
"Pisticci","p-Xilene","µg/m≥","08/01/2021","06","0.300","1"
"Pisticci","p-Xilene","µg/m≥","08/01/2021","07","0.330","1"
"Pisticci","p-Xilene","µg/m≥","08/01/2021","08","0.330","1"
"Pisticci","p-Xilene","µg/m≥","08/01/2021","09","0.340","1"
"Pisticci","p-Xilene","µg/m≥","08/01/2021","10","-9999","-1"
"Pisticci","p-Xilene","µg/m≥","08/01/2021","11","-9999","-1"
"Pisticci","p-Xilene","µg/m≥","08/01/2021","12","-9999","-1"
"Pisticci","p-Xilene","µg/m≥","08/01/2021","13","-9999","-1"
"Pisticci","p-Xilene","µg/m≥","08/01/2021","14","-9999","-1"
"Pisticci","p-Xilene","µg/m≥","08/01/2021","15","0.620","1"
"Pisticci","p-Xilene","µg/m≥","08/01/2021","16","0.400","1"
"Pisticci","p-Xilene","µg/m≥","08/01/2021","17","0.300","1"
"Pisticci","p-Xilene","µg/m≥","08/01/2021","18","0.340","1"
"Pisticci","p-Xilene","µg/m≥","08/01/2021","19","0.320","1"
"Pisticci","p-Xilene","µg/m≥","08/01/2021","20","0.320","1"
"Pisticci","p-Xilene","µg/m≥","08/01/2021","21","0.330","1"
"Pisticci","p-Xilene","µg/m≥","08/01/2021","22","0.330","1"
"Pisticci","p-Xilene","µg/m≥","08/01/2021","23","0.360","1"
"Pisticci","p-Xilene","µg/m≥","08/01/2021","24","0.340","1"
"Pisticci","p-Xilene","µg/m≥","09/01/2021","01","0.350","1"
"Pisticci","p-Xilene","µg/m≥","09/01/2021","02","0.330","1"
"Pisticci","p-Xilene","µg/m≥","09/01/2021","03","0.340","1"
"Pisticci","p-Xilene","µg/m≥","09/01/2021","04","0.180","1"
"Pisticci","p-Xilene","µg/m≥","09/01/2021","05","0.340","1"
"Pisticci","p-Xilene","µg/m≥","09/01/2021","06","0.200","1"
"Pisticci","p-Xilene","µg/m≥","09/01/2021","07","0.340","1"
"Pisticci","p-Xilene","µg/m≥","09/01/2021","08","0.350","1"
"Pisticci","p-Xilene","µg/m≥","09/01/2021","09","0.360","1"
"Pisticci","p-Xilene","µg/m≥","09/01/2021","10","0.410","1"
"Pisticci","p-Xilene","µg/m≥","09/01/2021","11","0.440","1"
"Pisticci","p-Xilene","µg/m≥","09/01/2021","12","0.410","1"
"Pisticci","p-Xilene","µg/m≥","09/01/2021","13","0.430","1"
"Pisticci","p-Xilene","µg/m≥","09/01/2021","14","0.400","1"
"Pisticci","p-Xilene","µg/m≥","09/01/2021","15","0.370","1"
"Pisticci","p-Xilene","µg/m≥","09/01/2021","16","0.330","1"
"Pisticci","p-Xilene","µg/m≥","09/01/2021","17","0.290","1"
"Pisticci","p-Xilene","µg/m≥","09/01/2021","18","0.170","1"
"Pisticci","p-Xilene","µg/m≥","09/01/2021","19","0.130","1"
"Pisticci","p-Xilene","µg/m≥","09/01/2021","20","0.260","1"
"Pisticci","p-Xilene","µg/m≥","09/01/2021","21","0.260","1"
"Pisticci","p-Xilene","µg/m≥","09/01/2021","22","0.260","1"
"Pisticci","p-Xilene","µg/m≥","09/01/2021","23","0.140","1"
"Pisticci","p-Xilene","µg/m≥","09/01/2021","24","0.140","1"
"Pisticci","p-Xilene","µg/m≥","10/01/2021","01","0.210","1"
"Pisticci","p-Xilene","µg/m≥","10/01/2021","02","0.110","1"
"Pisticci","p-Xilene","µg/m≥","10/01/2021","03","0.240","1"
"Pisticci","p-Xilene","µg/m≥","10/01/2021","04","0.110","1"
"Pisticci","p-Xilene","µg/m≥","10/01/2021","05","0.180","1"
"Pisticci","p-Xilene","µg/m≥","10/01/2021","06","0.210","1"
"Pisticci","p-Xilene","µg/m≥","10/01/2021","07","0.120","1"
"Pisticci","p-Xilene","µg/m≥","10/01/2021","08","0.190","1"
"Pisticci","p-Xilene","µg/m≥","10/01/2021","09","0.110","1"
"Pisticci","p-Xilene","µg/m≥","10/01/2021","10","0.190","1"
"Pisticci","p-Xilene","µg/m≥","10/01/2021","11","0.120","1"
"Pisticci","p-Xilene","µg/m≥","10/01/2021","12","0.140","1"
"Pisticci","p-Xilene","µg/m≥","10/01/2021","13","0.280","1"
"Pisticci","p-Xilene","µg/m≥","10/01/2021","14","0.240","1"
"Pisticci","p-Xilene","µg/m≥","10/01/2021","15","0.120","1"
"Pisticci","p-Xilene","µg/m≥","10/01/2021","16","0.110","1"
"Pisticci","p-Xilene","µg/m≥","10/01/2021","17","0.110","1"
"Pisticci","p-Xilene","µg/m≥","10/01/2021","18","0.280","1"
"Pisticci","p-Xilene","µg/m≥","10/01/2021","19","0.120","1"
"Pisticci","p-Xilene","µg/m≥","10/01/2021","20","0.120","1"
"Pisticci","p-Xilene","µg/m≥","10/01/2021","21","0.130","1"
"Pisticci","p-Xilene","µg/m≥","10/01/2021","22","0.190","1"
"Pisticci","p-Xilene","µg/m≥","10/01/2021","23","0.020","1"
"Pisticci","p-Xilene","µg/m≥","10/01/2021","24","0.110","1"
"Pisticci","p-Xilene","µg/m≥","11/01/2021","01","0.020","1"
"Pisticci","p-Xilene","µg/m≥","11/01/2021","02","0.130","1"
"Pisticci","p-Xilene","µg/m≥","11/01/2021","03","0.050","1"
"Pisticci","p-Xilene","µg/m≥","11/01/2021","04","0.060","1"
"Pisticci","p-Xilene","µg/m≥","11/01/2021","05","0.060","1"
"Pisticci","p-Xilene","µg/m≥","11/01/2021","06","0.050","1"
"Pisticci","p-Xilene","µg/m≥","11/01/2021","07","0.070","1"
"Pisticci","p-Xilene","µg/m≥","11/01/2021","08","0.010","1"
"Pisticci","p-Xilene","µg/m≥","11/01/2021","09","0.130","1"
"Pisticci","p-Xilene","µg/m≥","11/01/2021","10","0.240","1"
"Pisticci","p-Xilene","µg/m≥","11/01/2021","11","0.170","1"
"Pisticci","p-Xilene","µg/m≥","11/01/2021","12","0.230","1"
"Pisticci","p-Xilene","µg/m≥","11/01/2021","13","0.230","1"
"Pisticci","p-Xilene","µg/m≥","11/01/2021","14","0.200","1"
"Pisticci","p-Xilene","µg/m≥","11/01/2021","15","0.110","1"
"Pisticci","p-Xilene","µg/m≥","11/01/2021","16","0.020","1"
"Pisticci","p-Xilene","µg/m≥","11/01/2021","17","0.110","1"
"Pisticci","p-Xilene","µg/m≥","11/01/2021","18","0.020","1"
"Pisticci","p-Xilene","µg/m≥","11/01/2021","19","0.110","1"
"Pisticci","p-Xilene","µg/m≥","11/01/2021","20","0.290","1"
"Pisticci","p-Xilene","µg/m≥","11/01/2021","21","0.260","1"
"Pisticci","p-Xilene","µg/m≥","11/01/2021","22","0.040","1"
"Pisticci","p-Xilene","µg/m≥","11/01/2021","23","0.270","1"
"Pisticci","p-Xilene","µg/m≥","11/01/2021","24","0.170","1"
"Pisticci","p-Xilene","µg/m≥","12/01/2021","01","0.170","1"
"Pisticci","p-Xilene","µg/m≥","12/01/2021","02","0.310","1"
"Pisticci","p-Xilene","µg/m≥","12/01/2021","03","0.310","1"
"Pisticci","p-Xilene","µg/m≥","12/01/2021","04","0.160","1"
"Pisticci","p-Xilene","µg/m≥","12/01/2021","05","0.390","1"
"Pisticci","p-Xilene","µg/m≥","12/01/2021","06","0.430","1"
"Pisticci","p-Xilene","µg/m≥","12/01/2021","07","0.380","1"
"Pisticci","p-Xilene","µg/m≥","12/01/2021","08","0.320","1"
"Pisticci","p-Xilene","µg/m≥","12/01/2021","09","0.410","1"
"Pisticci","p-Xilene","µg/m≥","12/01/2021","10","0.440","1"
"Pisticci","p-Xilene","µg/m≥","12/01/2021","11","0.470","1"
"Pisticci","p-Xilene","µg/m≥","12/01/2021","12","0.390","1"
"Pisticci","p-Xilene","µg/m≥","12/01/2021","13","0.210","1"
"Pisticci","p-Xilene","µg/m≥","12/01/2021","14","0.350","1"
"Pisticci","p-Xilene","µg/m≥","12/01/2021","15","0.320","1"
"Pisticci","p-Xilene","µg/m≥","12/01/2021","16","0.260","1"
"Pisticci","p-Xilene","µg/m≥","12/01/2021","17","0.130","1"
"Pisticci","p-Xilene","µg/m≥","12/01/2021","18","0.030","1"
"Pisticci","p-Xilene","µg/m≥","12/01/2021","19","0.230","1"
"Pisticci","p-Xilene","µg/m≥","12/01/2021","20","0.130","1"
"Pisticci","p-Xilene","µg/m≥","12/01/2021","21","0.200","1"
"Pisticci","p-Xilene","µg/m≥","12/01/2021","22","0.270","1"
"Pisticci","p-Xilene","µg/m≥","12/01/2021","23","0.330","1"
"Pisticci","p-Xilene","µg/m≥","12/01/2021","24","0.220","1"
"Pisticci","p-Xilene","µg/m≥","13/01/2021","01","0.110","1"
"Pisticci","p-Xilene","µg/m≥","13/01/2021","02","0.090","1"
"Pisticci","p-Xilene","µg/m≥","13/01/2021","03","0.080","1"
"Pisticci","p-Xilene","µg/m≥","13/01/2021","04","0.100","1"
"Pisticci","p-Xilene","µg/m≥","13/01/2021","05","0.180","1"
"Pisticci","p-Xilene","µg/m≥","13/01/2021","06","0.030","1"
"Pisticci","p-Xilene","µg/m≥","13/01/2021","07","0.200","1"
"Pisticci","p-Xilene","µg/m≥","13/01/2021","08","0.140","1"
"Pisticci","p-Xilene","µg/m≥","13/01/2021","09","0.330","1"
"Pisticci","p-Xilene","µg/m≥","13/01/2021","10","0.340","1"
"Pisticci","p-Xilene","µg/m≥","13/01/2021","11","0.470","1"
"Pisticci","p-Xilene","µg/m≥","13/01/2021","12","0.510","1"
"Pisticci","p-Xilene","µg/m≥","13/01/2021","13","0.370","1"
"Pisticci","p-Xilene","µg/m≥","13/01/2021","14","0.280","1"
"Pisticci","p-Xilene","µg/m≥","13/01/2021","15","0.130","1"
"Pisticci","p-Xilene","µg/m≥","13/01/2021","16","0.190","1"
"Pisticci","p-Xilene","µg/m≥","13/01/2021","17","0.170","1"
"Pisticci","p-Xilene","µg/m≥","13/01/2021","18","0.020","1"
"Pisticci","p-Xilene","µg/m≥","13/01/2021","19","0.120","1"
"Pisticci","p-Xilene","µg/m≥","13/01/2021","20","0.030","1"
"Pisticci","p-Xilene","µg/m≥","13/01/2021","21","0.130","1"
"Pisticci","p-Xilene","µg/m≥","13/01/2021","22","0.170","1"
"Pisticci","p-Xilene","µg/m≥","13/01/2021","23","0.100","1"
"Pisticci","p-Xilene","µg/m≥","13/01/2021","24","0.030","1"
"Pisticci","p-Xilene","µg/m≥","14/01/2021","01","0.100","1"
"Pisticci","p-Xilene","µg/m≥","14/01/2021","02","0.180","1"
"Pisticci","p-Xilene","µg/m≥","14/01/2021","03","0.100","1"
"Pisticci","p-Xilene","µg/m≥","14/01/2021","04","0.200","1"
"Pisticci","p-Xilene","µg/m≥","14/01/2021","05","0.090","1"
"Pisticci","p-Xilene","µg/m≥","14/01/2021","06","0.190","1"
"Pisticci","p-Xilene","µg/m≥","14/01/2021","07","0.200","1"
"Pisticci","p-Xilene","µg/m≥","14/01/2021","08","0.230","1"
"Pisticci","p-Xilene","µg/m≥","14/01/2021","09","0.320","1"
"Pisticci","p-Xilene","µg/m≥","14/01/2021","10","0.380","1"
"Pisticci","p-Xilene","µg/m≥","14/01/2021","11","0.500","1"
"Pisticci","p-Xilene","µg/m≥","14/01/2021","12","0.540","1"
"Pisticci","p-Xilene","µg/m≥","14/01/2021","13","0.660","1"
"Pisticci","p-Xilene","µg/m≥","14/01/2021","14","0.250","1"
"Pisticci","p-Xilene","µg/m≥","14/01/2021","15","0.100","1"
"Pisticci","p-Xilene","µg/m≥","14/01/2021","16","0.160","1"
"Pisticci","p-Xilene","µg/m≥","14/01/2021","17","0.140","1"
"Pisticci","p-Xilene","µg/m≥","14/01/2021","18","0.080","1"
"Pisticci","p-Xilene","µg/m≥","14/01/2021","19","0.320","1"
"Pisticci","p-Xilene","µg/m≥","14/01/2021","20","0.560","1"
"Pisticci","p-Xilene","µg/m≥","14/01/2021","21","0.200","1"
"Pisticci","p-Xilene","µg/m≥","14/01/2021","22","0.560","1"
"Pisticci","p-Xilene","µg/m≥","14/01/2021","23","0.420","1"
"Pisticci","p-Xilene","µg/m≥","14/01/2021","24","0.140","1"
"Pisticci","p-Xilene","µg/m≥","15/01/2021","01","0.040","1"
"Pisticci","p-Xilene","µg/m≥","15/01/2021","02","0.030","1"
"Pisticci","p-Xilene","µg/m≥","15/01/2021","03","0.030","1"
"Pisticci","p-Xilene","µg/m≥","15/01/2021","04","0.020","1"
"Pisticci","p-Xilene","µg/m≥","15/01/2021","05","0.040","1"
"Pisticci","p-Xilene","µg/m≥","15/01/2021","06","0.020","1"
"Pisticci","p-Xilene","µg/m≥","15/01/2021","07","0.080","1"
"Pisticci","p-Xilene","µg/m≥","15/01/2021","08","0.080","1"
"Pisticci","p-Xilene","µg/m≥","15/01/2021","09","0.090","1"
"Pisticci","p-Xilene","µg/m≥","15/01/2021","10","0.070","1"
"Pisticci","p-Xilene","µg/m≥","15/01/2021","11","0.130","1"
"Pisticci","p-Xilene","µg/m≥","15/01/2021","12","0.150","1"
"Pisticci","p-Xilene","µg/m≥","15/01/2021","13","0.120","1"
"Pisticci","p-Xilene","µg/m≥","15/01/2021","14","0.200","1"
"Pisticci","p-Xilene","µg/m≥","15/01/2021","15","0.070","1"
"Pisticci","p-Xilene","µg/m≥","15/01/2021","16","0.090","1"
"Pisticci","p-Xilene","µg/m≥","15/01/2021","17","0.080","1"
"Pisticci","p-Xilene","µg/m≥","15/01/2021","18","0.040","1"
"Pisticci","p-Xilene","µg/m≥","15/01/2021","19","0.030","1"
"Pisticci","p-Xilene","µg/m≥","15/01/2021","20","0.040","1"
"Pisticci","p-Xilene","µg/m≥","15/01/2021","21","0.150","1"
"Pisticci","p-Xilene","µg/m≥","15/01/2021","22","0.150","1"
"Pisticci","p-Xilene","µg/m≥","15/01/2021","23","0.190","1"
"Pisticci","p-Xilene","µg/m≥","15/01/2021","24","0.050","1"
"Pisticci","p-Xilene","µg/m≥","16/01/2021","01","0.020","1"
"Pisticci","p-Xilene","µg/m≥","16/01/2021","02","0.060","1"
"Pisticci","p-Xilene","µg/m≥","16/01/2021","03","0.030","1"
"Pisticci","p-Xilene","µg/m≥","16/01/2021","04","0.060","1"
"Pisticci","p-Xilene","µg/m≥","16/01/2021","05","0.030","1"
"Pisticci","p-Xilene","µg/m≥","16/01/2021","06","0.040","1"
"Pisticci","p-Xilene","µg/m≥","16/01/2021","07","0.030","1"
"Pisticci","p-Xilene","µg/m≥","16/01/2021","08","0.030","1"
"Pisticci","p-Xilene","µg/m≥","16/01/2021","09","0.020","1"
"Pisticci","p-Xilene","µg/m≥","16/01/2021","10","0.060","1"
"Pisticci","p-Xilene","µg/m≥","16/01/2021","11","0.020","1"
"Pisticci","p-Xilene","µg/m≥","16/01/2021","12","0.030","1"
"Pisticci","p-Xilene","µg/m≥","16/01/2021","13","0.020","1"
"Pisticci","p-Xilene","µg/m≥","16/01/2021","14","0.020","1"
"Pisticci","p-Xilene","µg/m≥","16/01/2021","15","0.020","1"
"Pisticci","p-Xilene","µg/m≥","16/01/2021","16","0.060","1"
"Pisticci","p-Xilene","µg/m≥","16/01/2021","17","0.300","1"
"Pisticci","p-Xilene","µg/m≥","16/01/2021","18","0.040","1"
"Pisticci","p-Xilene","µg/m≥","16/01/2021","19","0.030","1"
"Pisticci","p-Xilene","µg/m≥","16/01/2021","20","0.340","1"
"Pisticci","p-Xilene","µg/m≥","16/01/2021","21","0.800","1"
"Pisticci","p-Xilene","µg/m≥","16/01/2021","22","0.900","1"
"Pisticci","p-Xilene","µg/m≥","16/01/2021","23","0.350","1"
"Pisticci","p-Xilene","µg/m≥","16/01/2021","24","0.450","1"
"Pisticci","p-Xilene","µg/m≥","17/01/2021","01","0.520","1"
"Pisticci","p-Xilene","µg/m≥","17/01/2021","02","0.920","1"
"Pisticci","p-Xilene","µg/m≥","17/01/2021","03","0.520","1"
"Pisticci","p-Xilene","µg/m≥","17/01/2021","04","0.570","1"
"Pisticci","p-Xilene","µg/m≥","17/01/2021","05","0.590","1"
"Pisticci","p-Xilene","µg/m≥","17/01/2021","06","0.530","1"
"Pisticci","p-Xilene","µg/m≥","17/01/2021","07","0.600","1"
"Pisticci","p-Xilene","µg/m≥","17/01/2021","08","0.290","1"
"Pisticci","p-Xilene","µg/m≥","17/01/2021","09","0.300","1"
"Pisticci","p-Xilene","µg/m≥","17/01/2021","10","0.510","1"
"Pisticci","p-Xilene","µg/m≥","17/01/2021","11","0.360","1"
"Pisticci","p-Xilene","µg/m≥","17/01/2021","12","1.240","1"
"Pisticci","p-Xilene","µg/m≥","17/01/2021","13","0.670","1"
"Pisticci","p-Xilene","µg/m≥","17/01/2021","14","0.530","1"
"Pisticci","p-Xilene","µg/m≥","17/01/2021","15","0.390","1"
"Pisticci","p-Xilene","µg/m≥","17/01/2021","16","-9999","-1"
"Pisticci","p-Xilene","µg/m≥","17/01/2021","17","0.690","1"
"Pisticci","p-Xilene","µg/m≥","17/01/2021","18","0.630","1"
"Pisticci","p-Xilene","µg/m≥","17/01/2021","19","0.630","1"
"Pisticci","p-Xilene","µg/m≥","17/01/2021","20","0.140","1"
"Pisticci","p-Xilene","µg/m≥","17/01/2021","21","0.360","1"
"Pisticci","p-Xilene","µg/m≥","17/01/2021","22","0.500","1"
"Pisticci","p-Xilene","µg/m≥","17/01/2021","23","0.460","1"
"Pisticci","p-Xilene","µg/m≥","17/01/2021","24","0.680","1"
"Pisticci","p-Xilene","µg/m≥","18/01/2021","01","0.570","1"
"Pisticci","p-Xilene","µg/m≥","18/01/2021","02","0.730","1"
"Pisticci","p-Xilene","µg/m≥","18/01/2021","03","1.100","1"
"Pisticci","p-Xilene","µg/m≥","18/01/2021","04","0.400","1"
"Pisticci","p-Xilene","µg/m≥","18/01/2021","05","0.520","1"
"Pisticci","p-Xilene","µg/m≥","18/01/2021","06","0.670","1"
"Pisticci","p-Xilene","µg/m≥","18/01/2021","07","0.430","1"
"Pisticci","p-Xilene","µg/m≥","18/01/2021","08","0.910","1"
"Pisticci","p-Xilene","µg/m≥","18/01/2021","09","0.300","1"
"Pisticci","p-Xilene","µg/m≥","18/01/2021","10","1.100","1"
"Pisticci","p-Xilene","µg/m≥","18/01/2021","11","0.590","1"
"Pisticci","p-Xilene","µg/m≥","18/01/2021","12","0.890","1"
"Pisticci","p-Xilene","µg/m≥","18/01/2021","13","0.510","1"
"Pisticci","p-Xilene","µg/m≥","18/01/2021","14","0.900","1"
"Pisticci","p-Xilene","µg/m≥","18/01/2021","15","0.260","1"
"Pisticci","p-Xilene","µg/m≥","18/01/2021","16","0.330","1"
"Pisticci","p-Xilene","µg/m≥","18/01/2021","17","0.570","1"
"Pisticci","p-Xilene","µg/m≥","18/01/2021","18","0.680","1"
"Pisticci","p-Xilene","µg/m≥","18/01/2021","19","0.550","1"
"Pisticci","p-Xilene","µg/m≥","18/01/2021","20","0.790","1"
"Pisticci","p-Xilene","µg/m≥","18/01/2021","21","0.990","1"
"Pisticci","p-Xilene","µg/m≥","18/01/2021","22","0.350","1"
"Pisticci","p-Xilene","µg/m≥","18/01/2021","23","0.350","1"
"Pisticci","p-Xilene","µg/m≥","18/01/2021","24","0.640","1"
"Pisticci","p-Xilene","µg/m≥","19/01/2021","01","0.530","1"
"Pisticci","p-Xilene","µg/m≥","19/01/2021","02","0.370","1"
"Pisticci","p-Xilene","µg/m≥","19/01/2021","03","0.470","1"
"Pisticci","p-Xilene","µg/m≥","19/01/2021","04","0.510","1"
"Pisticci","p-Xilene","µg/m≥","19/01/2021","05","0.270","1"
"Pisticci","p-Xilene","µg/m≥","19/01/2021","06","0.740","1"
"Pisticci","p-Xilene","µg/m≥","19/01/2021","07","1.080","1"
"Pisticci","p-Xilene","µg/m≥","19/01/2021","08","0.690","1"
"Pisticci","p-Xilene","µg/m≥","19/01/2021","09","0.450","1"
"Pisticci","p-Xilene","µg/m≥","19/01/2021","10","-9999","-1"
"Pisticci","p-Xilene","µg/m≥","19/01/2021","11","0.880","1"
"Pisticci","p-Xilene","µg/m≥","19/01/2021","12","0.360","1"
"Pisticci","p-Xilene","µg/m≥","19/01/2021","13","0.400","1"
"Pisticci","p-Xilene","µg/m≥","19/01/2021","14","0.280","1"
"Pisticci","p-Xilene","µg/m≥","19/01/2021","15","0.600","1"
"Pisticci","p-Xilene","µg/m≥","19/01/2021","16","0.670","1"
"Pisticci","p-Xilene","µg/m≥","19/01/2021","17","-9999","-1"
"Pisticci","p-Xilene","µg/m≥","19/01/2021","18","-9999","-1"
"Pisticci","p-Xilene","µg/m≥","19/01/2021","19","-9999","-1"
"Pisticci","p-Xilene","µg/m≥","19/01/2021","20","0.520","-1"
"Pisticci","p-Xilene","µg/m≥","19/01/2021","21","0.550","1"
"Pisticci","p-Xilene","µg/m≥","19/01/2021","22","0.530","1"
"Pisticci","p-Xilene","µg/m≥","19/01/2021","23","0.130","1"
"Pisticci","p-Xilene","µg/m≥","19/01/2021","24","0.090","1"
"Pisticci","p-Xilene","µg/m≥","20/01/2021","01","0.230","1"
"Pisticci","p-Xilene","µg/m≥","20/01/2021","02","0.130","1"
"Pisticci","p-Xilene","µg/m≥","20/01/2021","03","0.210","1"
"Pisticci","p-Xilene","µg/m≥","20/01/2021","04","0.320","1"
"Pisticci","p-Xilene","µg/m≥","20/01/2021","05","0.260","1"
"Pisticci","p-Xilene","µg/m≥","20/01/2021","06","0.810","1"
"Pisticci","p-Xilene","µg/m≥","20/01/2021","07","0.230","1"
"Pisticci","p-Xilene","µg/m≥","20/01/2021","08","0.340","1"
"Pisticci","p-Xilene","µg/m≥","20/01/2021","09","0.540","1"
"Pisticci","p-Xilene","µg/m≥","20/01/2021","10","0.640","1"
"Pisticci","p-Xilene","µg/m≥","20/01/2021","11","0.340","1"
"Pisticci","p-Xilene","µg/m≥","20/01/2021","12","0.700","1"
"Pisticci","p-Xilene","µg/m≥","20/01/2021","13","0.510","1"
"Pisticci","p-Xilene","µg/m≥","20/01/2021","14","0.460","1"
"Pisticci","p-Xilene","µg/m≥","20/01/2021","15","0.410","1"
"Pisticci","p-Xilene","µg/m≥","20/01/2021","16","0.100","1"
"Pisticci","p-Xilene","µg/m≥","20/01/2021","17","0.210","1"
"Pisticci","p-Xilene","µg/m≥","20/01/2021","18","0.110","1"
"Pisticci","p-Xilene","µg/m≥","20/01/2021","19","0.090","1"
"Pisticci","p-Xilene","µg/m≥","20/01/2021","20","1.150","1"
"Pisticci","p-Xilene","µg/m≥","20/01/2021","21","1.340","1"
"Pisticci","p-Xilene","µg/m≥","20/01/2021","22","0.860","1"
"Pisticci","p-Xilene","µg/m≥","20/01/2021","23","0.660","1"
"Pisticci","p-Xilene","µg/m≥","20/01/2021","24","0.230","1"
"Pisticci","p-Xilene","µg/m≥","21/01/2021","01","0.750","1"
"Pisticci","p-Xilene","µg/m≥","21/01/2021","02","1.090","1"
"Pisticci","p-Xilene","µg/m≥","21/01/2021","03","0.780","1"
"Pisticci","p-Xilene","µg/m≥","21/01/2021","04","0.520","1"
"Pisticci","p-Xilene","µg/m≥","21/01/2021","05","0.430","1"
"Pisticci","p-Xilene","µg/m≥","21/01/2021","06","0.810","1"
"Pisticci","p-Xilene","µg/m≥","21/01/2021","07","0.510","1"
"Pisticci","p-Xilene","µg/m≥","21/01/2021","08","0.290","1"
"Pisticci","p-Xilene","µg/m≥","21/01/2021","09","0.070","1"
"Pisticci","p-Xilene","µg/m≥","21/01/2021","10","2.980","1"
"Pisticci","p-Xilene","µg/m≥","21/01/2021","11","2.000","1"
"Pisticci","p-Xilene","µg/m≥","21/01/2021","12","1.300","1"
"Pisticci","p-Xilene","µg/m≥","21/01/2021","13","1.070","1"
"Pisticci","p-Xilene","µg/m≥","21/01/2021","14","0.200","1"
"Pisticci","p-Xilene","µg/m≥","21/01/2021","15","0.060","1"
"Pisticci","p-Xilene","µg/m≥","21/01/2021","16","-9999","-1"
"Pisticci","p-Xilene","µg/m≥","21/01/2021","17","-9999","-1"
"Pisticci","p-Xilene","µg/m≥","21/01/2021","18","-9999","-1"
"Pisticci","p-Xilene","µg/m≥","21/01/2021","19","0.230","1"
"Pisticci","p-Xilene","µg/m≥","21/01/2021","20","0.580","1"
"Pisticci","p-Xilene","µg/m≥","21/01/2021","21","0.860","1"
"Pisticci","p-Xilene","µg/m≥","21/01/2021","22","1.160","1"
"Pisticci","p-Xilene","µg/m≥","21/01/2021","23","0.880","1"
"Pisticci","p-Xilene","µg/m≥","21/01/2021","24","0.900","1"
"Pisticci","p-Xilene","µg/m≥","22/01/2021","01","1.130","1"
"Pisticci","p-Xilene","µg/m≥","22/01/2021","02","1.020","1"
"Pisticci","p-Xilene","µg/m≥","22/01/2021","03","0.840","1"
"Pisticci","p-Xilene","µg/m≥","22/01/2021","04","0.720","1"
"Pisticci","p-Xilene","µg/m≥","22/01/2021","05","0.690","1"
"Pisticci","p-Xilene","µg/m≥","22/01/2021","06","0.810","1"
"Pisticci","p-Xilene","µg/m≥","22/01/2021","07","0.660","1"
"Pisticci","p-Xilene","µg/m≥","22/01/2021","08","0.470","1"
"Pisticci","p-Xilene","µg/m≥","22/01/2021","09","0.530","1"
"Pisticci","p-Xilene","µg/m≥","22/01/2021","10","0.620","1"
"Pisticci","p-Xilene","µg/m≥","22/01/2021","11","0.720","1"
"Pisticci","p-Xilene","µg/m≥","22/01/2021","12","0.590","1"
"Pisticci","p-Xilene","µg/m≥","22/01/2021","13","0.470","1"
"Pisticci","p-Xilene","µg/m≥","22/01/2021","14","0.240","1"
"Pisticci","p-Xilene","µg/m≥","22/01/2021","15","0.140","1"
"Pisticci","p-Xilene","µg/m≥","22/01/2021","16","0.200","1"
"Pisticci","p-Xilene","µg/m≥","22/01/2021","17","0.120","1"
"Pisticci","p-Xilene","µg/m≥","22/01/2021","18","0.270","1"
"Pisticci","p-Xilene","µg/m≥","22/01/2021","19","0.540","1"
"Pisticci","p-Xilene","µg/m≥","22/01/2021","20","1.070","1"
"Pisticci","p-Xilene","µg/m≥","22/01/2021","21","1.410","1"
"Pisticci","p-Xilene","µg/m≥","22/01/2021","22","1.020","1"
"Pisticci","p-Xilene","µg/m≥","22/01/2021","23","0.760","1"
"Pisticci","p-Xilene","µg/m≥","22/01/2021","24","0.800","1"
"Pisticci","p-Xilene","µg/m≥","23/01/2021","01","0.630","1"
"Pisticci","p-Xilene","µg/m≥","23/01/2021","02","0.730","1"
"Pisticci","p-Xilene","µg/m≥","23/01/2021","03","0.550","1"
"Pisticci","p-Xilene","µg/m≥","23/01/2021","04","0.470","1"
"Pisticci","p-Xilene","µg/m≥","23/01/2021","05","0.480","1"
"Pisticci","p-Xilene","µg/m≥","23/01/2021","06","0.470","1"
"Pisticci","p-Xilene","µg/m≥","23/01/2021","07","0.220","1"
"Pisticci","p-Xilene","µg/m≥","23/01/2021","08","0.420","1"
"Pisticci","p-Xilene","µg/m≥","23/01/2021","09","0.480","1"
"Pisticci","p-Xilene","µg/m≥","23/01/2021","10","0.700","1"
"Pisticci","p-Xilene","µg/m≥","23/01/2021","11","0.520","1"
"Pisticci","p-Xilene","µg/m≥","23/01/2021","12","0.350","1"
"Pisticci","p-Xilene","µg/m≥","23/01/2021","13","0.320","1"
"Pisticci","p-Xilene","µg/m≥","23/01/2021","14","0.260","1"
"Pisticci","p-Xilene","µg/m≥","23/01/2021","15","0.220","1"
"Pisticci","p-Xilene","µg/m≥","23/01/2021","16","0.200","1"
"Pisticci","p-Xilene","µg/m≥","23/01/2021","17","0.140","1"
"Pisticci","p-Xilene","µg/m≥","23/01/2021","18","0.020","1"
"Pisticci","p-Xilene","µg/m≥","23/01/2021","19","0.070","1"
"Pisticci","p-Xilene","µg/m≥","23/01/2021","20","0.120","1"
"Pisticci","p-Xilene","µg/m≥","23/01/2021","21","0.110","1"
"Pisticci","p-Xilene","µg/m≥","23/01/2021","22","0.100","1"
"Pisticci","p-Xilene","µg/m≥","23/01/2021","23","0.060","1"
"Pisticci","p-Xilene","µg/m≥","23/01/2021","24","0.080","1"
"Pisticci","p-Xilene","µg/m≥","24/01/2021","01","0.160","1"
"Pisticci","p-Xilene","µg/m≥","24/01/2021","02","0.140","1"
"Pisticci","p-Xilene","µg/m≥","24/01/2021","03","0.100","1"
"Pisticci","p-Xilene","µg/m≥","24/01/2021","04","0.180","1"
"Pisticci","p-Xilene","µg/m≥","24/01/2021","05","0.270","1"
"Pisticci","p-Xilene","µg/m≥","24/01/2021","06","0.150","1"
"Pisticci","p-Xilene","µg/m≥","24/01/2021","07","0.130","1"
"Pisticci","p-Xilene","µg/m≥","24/01/2021","08","0.230","1"
"Pisticci","p-Xilene","µg/m≥","24/01/2021","09","0.190","1"
"Pisticci","p-Xilene","µg/m≥","24/01/2021","10","0.130","1"
"Pisticci","p-Xilene","µg/m≥","24/01/2021","11","0.100","1"
"Pisticci","p-Xilene","µg/m≥","24/01/2021","12","0.170","1"
"Pisticci","p-Xilene","µg/m≥","24/01/2021","13","0.100","1"
"Pisticci","p-Xilene","µg/m≥","24/01/2021","14","0.020","1"
"Pisticci","p-Xilene","µg/m≥","24/01/2021","15","0.020","1"
"Pisticci","p-Xilene","µg/m≥","24/01/2021","16","0.020","1"
"Pisticci","p-Xilene","µg/m≥","24/01/2021","17","0.020","1"
"Pisticci","p-Xilene","µg/m≥","24/01/2021","18","0.130","1"
"Pisticci","p-Xilene","µg/m≥","24/01/2021","19","0.220","1"
"Pisticci","p-Xilene","µg/m≥","24/01/2021","20","0.020","1"
"Pisticci","p-Xilene","µg/m≥","24/01/2021","21","0.060","1"
"Pisticci","p-Xilene","µg/m≥","24/01/2021","22","0.010","1"
"Pisticci","p-Xilene","µg/m≥","24/01/2021","23","0.050","1"
"Pisticci","p-Xilene","µg/m≥","24/01/2021","24","0.030","1"
"Pisticci","p-Xilene","µg/m≥","25/01/2021","01","0.020","1"
"Pisticci","p-Xilene","µg/m≥","25/01/2021","02","0.020","1"
"Pisticci","p-Xilene","µg/m≥","25/01/2021","03","0.050","1"
"Pisticci","p-Xilene","µg/m≥","25/01/2021","04","0.050","1"
"Pisticci","p-Xilene","µg/m≥","25/01/2021","05","0.030","1"
"Pisticci","p-Xilene","µg/m≥","25/01/2021","06","0.050","1"
"Pisticci","p-Xilene","µg/m≥","25/01/2021","07","0.080","1"
"Pisticci","p-Xilene","µg/m≥","25/01/2021","08","0.090","1"
"Pisticci","p-Xilene","µg/m≥","25/01/2021","09","0.250","1"
"Pisticci","p-Xilene","µg/m≥","25/01/2021","10","0.330","1"
"Pisticci","p-Xilene","µg/m≥","25/01/2021","11","0.210","1"
"Pisticci","p-Xilene","µg/m≥","25/01/2021","12","0.200","1"
"Pisticci","p-Xilene","µg/m≥","25/01/2021","13","0.490","1"
"Pisticci","p-Xilene","µg/m≥","25/01/2021","14","0.440","1"
"Pisticci","p-Xilene","µg/m≥","25/01/2021","15","0.270","1"
"Pisticci","p-Xilene","µg/m≥","25/01/2021","16","0.160","1"
"Pisticci","p-Xilene","µg/m≥","25/01/2021","17","0.090","1"
"Pisticci","p-Xilene","µg/m≥","25/01/2021","18","0.110","1"
"Pisticci","p-Xilene","µg/m≥","25/01/2021","19","0.090","1"
"Pisticci","p-Xilene","µg/m≥","25/01/2021","20","0.180","1"
"Pisticci","p-Xilene","µg/m≥","25/01/2021","21","0.220","1"
"Pisticci","p-Xilene","µg/m≥","25/01/2021","22","0.700","1"
"Pisticci","p-Xilene","µg/m≥","25/01/2021","23","0.460","1"
"Pisticci","p-Xilene","µg/m≥","25/01/2021","24","0.400","1"
"Pisticci","p-Xilene","µg/m≥","26/01/2021","01","0.150","1"
"Pisticci","p-Xilene","µg/m≥","26/01/2021","02","0.220","1"
"Pisticci","p-Xilene","µg/m≥","26/01/2021","03","0.190","1"
"Pisticci","p-Xilene","µg/m≥","26/01/2021","04","0.030","1"
"Pisticci","p-Xilene","µg/m≥","26/01/2021","05","0.080","1"
"Pisticci","p-Xilene","µg/m≥","26/01/2021","06","0.020","1"
"Pisticci","p-Xilene","µg/m≥","26/01/2021","07","0.010","1"
"Pisticci","p-Xilene","µg/m≥","26/01/2021","08","0.080","1"
"Pisticci","p-Xilene","µg/m≥","26/01/2021","09","0.050","1"
"Pisticci","p-Xilene","µg/m≥","26/01/2021","10","0.010","1"
"Pisticci","p-Xilene","µg/m≥","26/01/2021","11","0.020","1"
"Pisticci","p-Xilene","µg/m≥","26/01/2021","12","0.100","1"
"Pisticci","p-Xilene","µg/m≥","26/01/2021","13","0.040","1"
"Pisticci","p-Xilene","µg/m≥","26/01/2021","14","0.030","1"
"Pisticci","p-Xilene","µg/m≥","26/01/2021","15","0.020","1"
"Pisticci","p-Xilene","µg/m≥","26/01/2021","16","0.010","1"
"Pisticci","p-Xilene","µg/m≥","26/01/2021","17","0.010","1"
"Pisticci","p-Xilene","µg/m≥","26/01/2021","18","0.020","1"
"Pisticci","p-Xilene","µg/m≥","26/01/2021","19","0.010","1"
"Pisticci","p-Xilene","µg/m≥","26/01/2021","20","0.010","1"
"Pisticci","p-Xilene","µg/m≥","26/01/2021","21","0.050","1"
"Pisticci","p-Xilene","µg/m≥","26/01/2021","22","0.020","1"
"Pisticci","p-Xilene","µg/m≥","26/01/2021","23","0.020","1"
"Pisticci","p-Xilene","µg/m≥","26/01/2021","24","0.020","1"
"Pisticci","p-Xilene","µg/m≥","27/01/2021","01","0.010","1"
"Pisticci","p-Xilene","µg/m≥","27/01/2021","02","0.010","1"
"Pisticci","p-Xilene","µg/m≥","27/01/2021","03","0.010","1"
"Pisticci","p-Xilene","µg/m≥","27/01/2021","04","0.010","1"
"Pisticci","p-Xilene","µg/m≥","27/01/2021","05","0.010","1"
"Pisticci","p-Xilene","µg/m≥","27/01/2021","06","0.010","1"
"Pisticci","p-Xilene","µg/m≥","27/01/2021","07","0.010","1"
"Pisticci","p-Xilene","µg/m≥","27/01/2021","08","0.050","1"
"Pisticci","p-Xilene","µg/m≥","27/01/2021","09","0.070","1"
"Pisticci","p-Xilene","µg/m≥","27/01/2021","10","0.240","1"
"Pisticci","p-Xilene","µg/m≥","27/01/2021","11","0.140","1"
"Pisticci","p-Xilene","µg/m≥","27/01/2021","12","0.020","1"
"Pisticci","p-Xilene","µg/m≥","27/01/2021","13","0.190","1"
"Pisticci","p-Xilene","µg/m≥","27/01/2021","14","0.160","1"
"Pisticci","p-Xilene","µg/m≥","27/01/2021","15","0.060","1"
"Pisticci","p-Xilene","µg/m≥","27/01/2021","16","0.020","1"
"Pisticci","p-Xilene","µg/m≥","27/01/2021","17","0.010","1"
"Pisticci","p-Xilene","µg/m≥","27/01/2021","18","0.020","1"
"Pisticci","p-Xilene","µg/m≥","27/01/2021","19","0.170","1"
"Pisticci","p-Xilene","µg/m≥","27/01/2021","20","0.280","1"
"Pisticci","p-Xilene","µg/m≥","27/01/2021","21","0.200","1"
"Pisticci","p-Xilene","µg/m≥","27/01/2021","22","0.400","1"
"Pisticci","p-Xilene","µg/m≥","27/01/2021","23","0.110","1"
"Pisticci","p-Xilene","µg/m≥","27/01/2021","24","0.180","1"
"Pisticci","p-Xilene","µg/m≥","28/01/2021","01","0.110","1"
"Pisticci","p-Xilene","µg/m≥","28/01/2021","02","0.180","1"
"Pisticci","p-Xilene","µg/m≥","28/01/2021","03","0.120","1"
"Pisticci","p-Xilene","µg/m≥","28/01/2021","04","0.160","1"
"Pisticci","p-Xilene","µg/m≥","28/01/2021","05","0.080","1"
"Pisticci","p-Xilene","µg/m≥","28/01/2021","06","0.120","1"
"Pisticci","p-Xilene","µg/m≥","28/01/2021","07","0.090","1"
"Pisticci","p-Xilene","µg/m≥","28/01/2021","08","0.180","1"
"Pisticci","p-Xilene","µg/m≥","28/01/2021","09","0.220","1"
"Pisticci","p-Xilene","µg/m≥","28/01/2021","10","0.240","1"
"Pisticci","p-Xilene","µg/m≥","28/01/2021","11","0.060","1"
"Pisticci","p-Xilene","µg/m≥","28/01/2021","12","1.950","1"
"Pisticci","p-Xilene","µg/m≥","28/01/2021","13","0.060","1"
"Pisticci","p-Xilene","µg/m≥","28/01/2021","14","0.250","1"
"Pisticci","p-Xilene","µg/m≥","28/01/2021","15","0.030","1"
"Pisticci","p-Xilene","µg/m≥","28/01/2021","16","0.020","1"
"Pisticci","p-Xilene","µg/m≥","28/01/2021","17","0.030","1"
"Pisticci","p-Xilene","µg/m≥","28/01/2021","18","0.060","1"
"Pisticci","p-Xilene","µg/m≥","28/01/2021","19","0.070","1"
"Pisticci","p-Xilene","µg/m≥","28/01/2021","20","0.130","1"
"Pisticci","p-Xilene","µg/m≥","28/01/2021","21","0.100","1"
"Pisticci","p-Xilene","µg/m≥","28/01/2021","22","0.480","1"
"Pisticci","p-Xilene","µg/m≥","28/01/2021","23","0.060","1"
"Pisticci","p-Xilene","µg/m≥","28/01/2021","24","0.150","1"
"Pisticci","p-Xilene","µg/m≥","29/01/2021","01","0.120","1"
"Pisticci","p-Xilene","µg/m≥","29/01/2021","02","0.120","1"
"Pisticci","p-Xilene","µg/m≥","29/01/2021","03","0.180","1"
"Pisticci","p-Xilene","µg/m≥","29/01/2021","04","0.240","1"
"Pisticci","p-Xilene","µg/m≥","29/01/2021","05","0.030","1"
"Pisticci","p-Xilene","µg/m≥","29/01/2021","06","0.170","1"
"Pisticci","p-Xilene","µg/m≥","29/01/2021","07","0.190","1"
"Pisticci","p-Xilene","µg/m≥","29/01/2021","08","0.120","1"
"Pisticci","p-Xilene","µg/m≥","29/01/2021","09","0.160","1"
"Pisticci","p-Xilene","µg/m≥","29/01/2021","10","0.100","1"
"Pisticci","p-Xilene","µg/m≥","29/01/2021","11","0.140","1"
"Pisticci","p-Xilene","µg/m≥","29/01/2021","12","0.070","1"
"Pisticci","p-Xilene","µg/m≥","29/01/2021","13","0.370","1"
"Pisticci","p-Xilene","µg/m≥","29/01/2021","14","0.300","1"
"Pisticci","p-Xilene","µg/m≥","29/01/2021","15","0.020","1"
"Pisticci","p-Xilene","µg/m≥","29/01/2021","16","0.190","1"
"Pisticci","p-Xilene","µg/m≥","29/01/2021","17","0.080","1"
"Pisticci","p-Xilene","µg/m≥","29/01/2021","18","0.030","1"
"Pisticci","p-Xilene","µg/m≥","29/01/2021","19","0.020","1"
"Pisticci","p-Xilene","µg/m≥","29/01/2021","20","0.020","1"
"Pisticci","p-Xilene","µg/m≥","29/01/2021","21","0.020","1"
"Pisticci","p-Xilene","µg/m≥","29/01/2021","22","0.020","1"
"Pisticci","p-Xilene","µg/m≥","29/01/2021","23","0.020","1"
"Pisticci","p-Xilene","µg/m≥","29/01/2021","24","0.020","1"
"Pisticci","p-Xilene","µg/m≥","30/01/2021","01","0.010","1"
"Pisticci","p-Xilene","µg/m≥","30/01/2021","02","0.010","1"
"Pisticci","p-Xilene","µg/m≥","30/01/2021","03","0.020","1"
"Pisticci","p-Xilene","µg/m≥","30/01/2021","04","0.020","1"
"Pisticci","p-Xilene","µg/m≥","30/01/2021","05","0.020","1"
"Pisticci","p-Xilene","µg/m≥","30/01/2021","06","0.080","1"
"Pisticci","p-Xilene","µg/m≥","30/01/2021","07","0.090","1"
"Pisticci","p-Xilene","µg/m≥","30/01/2021","08","0.320","1"
"Pisticci","p-Xilene","µg/m≥","30/01/2021","09","0.810","1"
"Pisticci","p-Xilene","µg/m≥","30/01/2021","10","0.770","1"
"Pisticci","p-Xilene","µg/m≥","30/01/2021","11","0.660","1"
"Pisticci","p-Xilene","µg/m≥","30/01/2021","12","0.550","1"
"Pisticci","p-Xilene","µg/m≥","30/01/2021","13","0.440","1"
"Pisticci","p-Xilene","µg/m≥","30/01/2021","14","0.210","1"
"Pisticci","p-Xilene","µg/m≥","30/01/2021","15","0.270","1"
"Pisticci","p-Xilene","µg/m≥","30/01/2021","16","0.290","1"
"Pisticci","p-Xilene","µg/m≥","30/01/2021","17","0.150","1"
"Pisticci","p-Xilene","µg/m≥","30/01/2021","18","0.240","1"
"Pisticci","p-Xilene","µg/m≥","30/01/2021","19","0.220","1"
"Pisticci","p-Xilene","µg/m≥","30/01/2021","20","0.200","1"
"Pisticci","p-Xilene","µg/m≥","30/01/2021","21","0.120","1"
"Pisticci","p-Xilene","µg/m≥","30/01/2021","22","0.130","1"
"Pisticci","p-Xilene","µg/m≥","30/01/2021","23","0.030","1"
"Pisticci","p-Xilene","µg/m≥","30/01/2021","24","0.290","1"
"Pisticci","p-Xilene","µg/m≥","31/01/2021","01","0.230","1"
"Pisticci","p-Xilene","µg/m≥","31/01/2021","02","0.180","1"
"Pisticci","p-Xilene","µg/m≥","31/01/2021","03","0.180","1"
"Pisticci","p-Xilene","µg/m≥","31/01/2021","04","0.370","1"
"Pisticci","p-Xilene","µg/m≥","31/01/2021","05","0.370","1"
"Pisticci","p-Xilene","µg/m≥","31/01/2021","06","0.360","1"
"Pisticci","p-Xilene","µg/m≥","31/01/2021","07","0.170","1"
"Pisticci","p-Xilene","µg/m≥","31/01/2021","08","0.250","1"
"Pisticci","p-Xilene","µg/m≥","31/01/2021","09","0.130","1"
"Pisticci","p-Xilene","µg/m≥","31/01/2021","10","0.130","1"
"Pisticci","p-Xilene","µg/m≥","31/01/2021","11","0.190","1"
"Pisticci","p-Xilene","µg/m≥","31/01/2021","12","0.030","1"
"Pisticci","p-Xilene","µg/m≥","31/01/2021","13","0.320","1"
"Pisticci","p-Xilene","µg/m≥","31/01/2021","14","0.400","1"
"Pisticci","p-Xilene","µg/m≥","31/01/2021","15","0.100","1"
"Pisticci","p-Xilene","µg/m≥","31/01/2021","16","0.080","1"
"Pisticci","p-Xilene","µg/m≥","31/01/2021","17","0.020","1"
"Pisticci","p-Xilene","µg/m≥","31/01/2021","18","0.140","1"
"Pisticci","p-Xilene","µg/m≥","31/01/2021","19","0.060","1"
"Pisticci","p-Xilene","µg/m≥","31/01/2021","20","0.010","1"
"Pisticci","p-Xilene","µg/m≥","31/01/2021","21","0.020","1"
"Pisticci","p-Xilene","µg/m≥","31/01/2021","22","0.010","1"
"Pisticci","p-Xilene","µg/m≥","31/01/2021","23","0.070","1"
"Pisticci","p-Xilene","µg/m≥","31/01/2021","24","0.070","1"
"Pisticci","p-Xilene","µg/m≥","01/02/2021","01","0.090","1"
"Pisticci","p-Xilene","µg/m≥","01/02/2021","02","0.260","1"
"Pisticci","p-Xilene","µg/m≥","01/02/2021","03","0.260","1"
"Pisticci","p-Xilene","µg/m≥","01/02/2021","04","0.140","1"
"Pisticci","p-Xilene","µg/m≥","01/02/2021","05","0.140","1"
"Pisticci","p-Xilene","µg/m≥","01/02/2021","06","0.140","1"
"Pisticci","p-Xilene","µg/m≥","01/02/2021","07","0.220","1"
"Pisticci","p-Xilene","µg/m≥","01/02/2021","08","0.200","1"
"Pisticci","p-Xilene","µg/m≥","01/02/2021","09","0.160","1"
"Pisticci","p-Xilene","µg/m≥","01/02/2021","10","0.370","1"
"Pisticci","p-Xilene","µg/m≥","01/02/2021","11","0.480","1"
"Pisticci","p-Xilene","µg/m≥","01/02/2021","12","0.720","1"
"Pisticci","p-Xilene","µg/m≥","01/02/2021","13","0.550","1"
"Pisticci","p-Xilene","µg/m≥","01/02/2021","14","0.220","1"
"Pisticci","p-Xilene","µg/m≥","01/02/2021","15","0.260","1"
"Pisticci","p-Xilene","µg/m≥","01/02/2021","16","0.220","1"
"Pisticci","p-Xilene","µg/m≥","01/02/2021","17","0.250","1"
"Pisticci","p-Xilene","µg/m≥","01/02/2021","18","0.220","1"
"Pisticci","p-Xilene","µg/m≥","01/02/2021","19","0.210","1"
"Pisticci","p-Xilene","µg/m≥","01/02/2021","20","0.090","1"
"Pisticci","p-Xilene","µg/m≥","01/02/2021","21","0.170","1"
"Pisticci","p-Xilene","µg/m≥","01/02/2021","22","0.100","1"
"Pisticci","p-Xilene","µg/m≥","01/02/2021","23","0.070","1"
"Pisticci","p-Xilene","µg/m≥","01/02/2021","24","0.130","1"
"Pisticci","p-Xilene","µg/m≥","02/02/2021","01","0.090","1"
"Pisticci","p-Xilene","µg/m≥","02/02/2021","02","0.170","1"
"Pisticci","p-Xilene","µg/m≥","02/02/2021","03","0.180","1"
"Pisticci","p-Xilene","µg/m≥","02/02/2021","04","0.100","1"
"Pisticci","p-Xilene","µg/m≥","02/02/2021","05","0.240","1"
"Pisticci","p-Xilene","µg/m≥","02/02/2021","06","0.160","1"
"Pisticci","p-Xilene","µg/m≥","02/02/2021","07","0.100","1"
"Pisticci","p-Xilene","µg/m≥","02/02/2021","08","0.090","1"
"Pisticci","p-Xilene","µg/m≥","02/02/2021","09","0.170","1"
"Pisticci","p-Xilene","µg/m≥","02/02/2021","10","0.180","1"
"Pisticci","p-Xilene","µg/m≥","02/02/2021","11","0.110","1"
"Pisticci","p-Xilene","µg/m≥","02/02/2021","12","0.230","1"
"Pisticci","p-Xilene","µg/m≥","02/02/2021","13","0.220","1"
"Pisticci","p-Xilene","µg/m≥","02/02/2021","14","0.120","1"
"Pisticci","p-Xilene","µg/m≥","02/02/2021","15","0.180","1"
"Pisticci","p-Xilene","µg/m≥","02/02/2021","16","0.100","1"
"Pisticci","p-Xilene","µg/m≥","02/02/2021","17","0.090","1"
"Pisticci","p-Xilene","µg/m≥","02/02/2021","18","0.110","1"
"Pisticci","p-Xilene","µg/m≥","02/02/2021","19","0.110","1"
"Pisticci","p-Xilene","µg/m≥","02/02/2021","20","0.200","1"
"Pisticci","p-Xilene","µg/m≥","02/02/2021","21","0.230","1"
"Pisticci","p-Xilene","µg/m≥","02/02/2021","22","0.360","1"
"Pisticci","p-Xilene","µg/m≥","02/02/2021","23","0.360","1"
"Pisticci","p-Xilene","µg/m≥","02/02/2021","24","0.320","1"
"Pisticci","p-Xilene","µg/m≥","03/02/2021","01","0.280","1"
"Pisticci","p-Xilene","µg/m≥","03/02/2021","02","0.150","1"
"Pisticci","p-Xilene","µg/m≥","03/02/2021","03","0.120","1"
"Pisticci","p-Xilene","µg/m≥","03/02/2021","04","0.100","1"
"Pisticci","p-Xilene","µg/m≥","03/02/2021","05","0.190","1"
"Pisticci","p-Xilene","µg/m≥","03/02/2021","06","0.200","1"
"Pisticci","p-Xilene","µg/m≥","03/02/2021","07","0.190","1"
"Pisticci","p-Xilene","µg/m≥","03/02/2021","08","0.110","1"
"Pisticci","p-Xilene","µg/m≥","03/02/2021","09","0.250","1"
"Pisticci","p-Xilene","µg/m≥","03/02/2021","10","0.180","1"
"Pisticci","p-Xilene","µg/m≥","03/02/2021","11","0.360","1"
"Pisticci","p-Xilene","µg/m≥","03/02/2021","12","0.570","1"
"Pisticci","p-Xilene","µg/m≥","03/02/2021","13","0.510","1"
"Pisticci","p-Xilene","µg/m≥","03/02/2021","14","0.250","1"
"Pisticci","p-Xilene","µg/m≥","03/02/2021","15","0.020","1"
"Pisticci","p-Xilene","µg/m≥","03/02/2021","16","0.180","1"
"Pisticci","p-Xilene","µg/m≥","03/02/2021","17","0.080","1"
"Pisticci","p-Xilene","µg/m≥","03/02/2021","18","0.160","1"
"Pisticci","p-Xilene","µg/m≥","03/02/2021","19","0.140","1"
"Pisticci","p-Xilene","µg/m≥","03/02/2021","20","0.460","1"
"Pisticci","p-Xilene","µg/m≥","03/02/2021","21","0.430","1"
"Pisticci","p-Xilene","µg/m≥","03/02/2021","22","0.990","1"
"Pisticci","p-Xilene","µg/m≥","03/02/2021","23","0.620","1"
"Pisticci","p-Xilene","µg/m≥","03/02/2021","24","0.480","1"
"Pisticci","p-Xilene","µg/m≥","04/02/2021","01","0.370","1"
"Pisticci","p-Xilene","µg/m≥","04/02/2021","02","0.370","1"
"Pisticci","p-Xilene","µg/m≥","04/02/2021","03","0.350","1"
"Pisticci","p-Xilene","µg/m≥","04/02/2021","04","0.360","1"
"Pisticci","p-Xilene","µg/m≥","04/02/2021","05","0.300","1"
"Pisticci","p-Xilene","µg/m≥","04/02/2021","06","0.250","1"
"Pisticci","p-Xilene","µg/m≥","04/02/2021","07","0.030","1"
"Pisticci","p-Xilene","µg/m≥","04/02/2021","08","0.100","1"
"Pisticci","p-Xilene","µg/m≥","04/02/2021","09","0.110","1"
"Pisticci","p-Xilene","µg/m≥","04/02/2021","10","0.110","1"
"Pisticci","p-Xilene","µg/m≥","04/02/2021","11","0.350","1"
"Pisticci","p-Xilene","µg/m≥","04/02/2021","12","0.690","1"
"Pisticci","p-Xilene","µg/m≥","04/02/2021","13","0.490","1"
"Pisticci","p-Xilene","µg/m≥","04/02/2021","14","0.400","1"
"Pisticci","p-Xilene","µg/m≥","04/02/2021","15","0.320","1"
"Pisticci","p-Xilene","µg/m≥","04/02/2021","16","0.470","1"
"Pisticci","p-Xilene","µg/m≥","04/02/2021","17","0.320","1"
"Pisticci","p-Xilene","µg/m≥","04/02/2021","18","0.280","1"
"Pisticci","p-Xilene","µg/m≥","04/02/2021","19","-9999","-1"
"Pisticci","p-Xilene","µg/m≥","04/02/2021","20","-9999","-1"
"Pisticci","p-Xilene","µg/m≥","04/02/2021","21","-9999","-1"
"Pisticci","p-Xilene","µg/m≥","04/02/2021","22","-9999","-1"
"Pisticci","p-Xilene","µg/m≥","04/02/2021","23","-9999","-1"
"Pisticci","p-Xilene","µg/m≥","04/02/2021","24","-9999","-1"
"Pisticci","p-Xilene","µg/m≥","05/02/2021","01","-9999","-1"
"Pisticci","p-Xilene","µg/m≥","05/02/2021","02","-9999","-1"
"Pisticci","p-Xilene","µg/m≥","05/02/2021","03","-9999","-1"
"Pisticci","p-Xilene","µg/m≥","05/02/2021","04","-9999","-1"
"Pisticci","p-Xilene","µg/m≥","05/02/2021","05","-9999","-1"
"Pisticci","p-Xilene","µg/m≥","05/02/2021","06","-9999","-1"
"Pisticci","p-Xilene","µg/m≥","05/02/2021","07","-9999","-1"
"Pisticci","p-Xilene","µg/m≥","05/02/2021","08","-9999","-1"
"Pisticci","p-Xilene","µg/m≥","05/02/2021","09","-9999","-1"
"Pisticci","p-Xilene","µg/m≥","05/02/2021","10","-9999","-1"
"Pisticci","p-Xilene","µg/m≥","05/02/2021","11","-9999","-1"
"Pisticci","p-Xilene","µg/m≥","05/02/2021","12","0.200","1"
"Pisticci","p-Xilene","µg/m≥","05/02/2021","13","0.170","1"
"Pisticci","p-Xilene","µg/m≥","05/02/2021","14","0.130","1"
"Pisticci","p-Xilene","µg/m≥","05/02/2021","15","0.230","1"
"Pisticci","p-Xilene","µg/m≥","05/02/2021","16","0.120","1"
"Pisticci","p-Xilene","µg/m≥","05/02/2021","17","0.080","1"
"Pisticci","p-Xilene","µg/m≥","05/02/2021","18","0.090","1"
"Pisticci","p-Xilene","µg/m≥","05/02/2021","19","0.100","1"
"Pisticci","p-Xilene","µg/m≥","05/02/2021","20","0.130","1"
"Pisticci","p-Xilene","µg/m≥","05/02/2021","21","0.100","1"
"Pisticci","p-Xilene","µg/m≥","05/02/2021","22","0.170","1"
"Pisticci","p-Xilene","µg/m≥","05/02/2021","23","0.090","1"
"Pisticci","p-Xilene","µg/m≥","05/02/2021","24","0.150","1"
"Pisticci","p-Xilene","µg/m≥","06/02/2021","01","0.170","1"
"Pisticci","p-Xilene","µg/m≥","06/02/2021","02","0.090","1"
"Pisticci","p-Xilene","µg/m≥","06/02/2021","03","0.030","1"
"Pisticci","p-Xilene","µg/m≥","06/02/2021","04","0.160","1"
"Pisticci","p-Xilene","µg/m≥","06/02/2021","05","0.150","1"
"Pisticci","p-Xilene","µg/m≥","06/02/2021","06","0.080","1"
"Pisticci","p-Xilene","µg/m≥","06/02/2021","07","0.020","1"
"Pisticci","p-Xilene","µg/m≥","06/02/2021","08","0.160","1"
"Pisticci","p-Xilene","µg/m≥","06/02/2021","09","0.080","1"
"Pisticci","p-Xilene","µg/m≥","06/02/2021","10","0.200","1"
"Pisticci","p-Xilene","µg/m≥","06/02/2021","11","0.210","1"
"Pisticci","p-Xilene","µg/m≥","06/02/2021","12","0.230","1"
"Pisticci","p-Xilene","µg/m≥","06/02/2021","13","0.100","1"
"Pisticci","p-Xilene","µg/m≥","06/02/2021","14","0.210","1"
"Pisticci","p-Xilene","µg/m≥","06/02/2021","15","0.160","1"
"Pisticci","p-Xilene","µg/m≥","06/02/2021","16","0.100","1"
"Pisticci","p-Xilene","µg/m≥","06/02/2021","17","0.020","1"
"Pisticci","p-Xilene","µg/m≥","06/02/2021","18","0.150","1"
"Pisticci","p-Xilene","µg/m≥","06/02/2021","19","0.310","1"
"Pisticci","p-Xilene","µg/m≥","06/02/2021","20","0.230","1"
"Pisticci","p-Xilene","µg/m≥","06/02/2021","21","0.180","1"
"Pisticci","p-Xilene","µg/m≥","06/02/2021","22","0.090","1"
"Pisticci","p-Xilene","µg/m≥","06/02/2021","23","0.100","1"
"Pisticci","p-Xilene","µg/m≥","06/02/2021","24","0.080","1"
"Pisticci","p-Xilene","µg/m≥","07/02/2021","01","0.120","1"
"Pisticci","p-Xilene","µg/m≥","07/02/2021","02","0.140","1"
"Pisticci","p-Xilene","µg/m≥","07/02/2021","03","0.020","1"
"Pisticci","p-Xilene","µg/m≥","07/02/2021","04","0.080","1"
"Pisticci","p-Xilene","µg/m≥","07/02/2021","05","0.140","1"
"Pisticci","p-Xilene","µg/m≥","07/02/2021","06","0.060","1"
"Pisticci","p-Xilene","µg/m≥","07/02/2021","07","0.080","1"
"Pisticci","p-Xilene","µg/m≥","07/02/2021","08","0.030","1"
"Pisticci","p-Xilene","µg/m≥","07/02/2021","09","0.080","1"
"Pisticci","p-Xilene","µg/m≥","07/02/2021","10","0.110","1"
"Pisticci","p-Xilene","µg/m≥","07/02/2021","11","0.180","1"
"Pisticci","p-Xilene","µg/m≥","07/02/2021","12","0.340","1"
"Pisticci","p-Xilene","µg/m≥","07/02/2021","13","0.270","1"
"Pisticci","p-Xilene","µg/m≥","07/02/2021","14","0.250","1"
"Pisticci","p-Xilene","µg/m≥","07/02/2021","15","0.170","1"
"Pisticci","p-Xilene","µg/m≥","07/02/2021","16","0.070","1"
"Pisticci","p-Xilene","µg/m≥","07/02/2021","17","0.040","1"
"Pisticci","p-Xilene","µg/m≥","07/02/2021","18","0.160","1"
"Pisticci","p-Xilene","µg/m≥","07/02/2021","19","0.270","1"
"Pisticci","p-Xilene","µg/m≥","07/02/2021","20","0.170","1"
"Pisticci","p-Xilene","µg/m≥","07/02/2021","21","0.140","1"
"Pisticci","p-Xilene","µg/m≥","07/02/2021","22","0.020","1"
"Pisticci","p-Xilene","µg/m≥","07/02/2021","23","0.020","1"
"Pisticci","p-Xilene","µg/m≥","07/02/2021","24","0.100","1"
"Pisticci","p-Xilene","µg/m≥","08/02/2021","01","0.090","1"
"Pisticci","p-Xilene","µg/m≥","08/02/2021","02","0.130","1"
"Pisticci","p-Xilene","µg/m≥","08/02/2021","03","0.080","1"
"Pisticci","p-Xilene","µg/m≥","08/02/2021","04","0.090","1"
"Pisticci","p-Xilene","µg/m≥","08/02/2021","05","0.020","1"
"Pisticci","p-Xilene","µg/m≥","08/02/2021","06","0.080","1"
"Pisticci","p-Xilene","µg/m≥","08/02/2021","07","0.060","1"
"Pisticci","p-Xilene","µg/m≥","08/02/2021","08","0.060","1"
"Pisticci","p-Xilene","µg/m≥","08/02/2021","09","0.080","1"
"Pisticci","p-Xilene","µg/m≥","08/02/2021","10","0.140","1"
"Pisticci","p-Xilene","µg/m≥","08/02/2021","11","0.150","1"
"Pisticci","p-Xilene","µg/m≥","08/02/2021","12","0.130","1"
"Pisticci","p-Xilene","µg/m≥","08/02/2021","13","0.210","1"
"Pisticci","p-Xilene","µg/m≥","08/02/2021","14","0.010","1"
"Pisticci","p-Xilene","µg/m≥","08/02/2021","15","0.030","1"
"Pisticci","p-Xilene","µg/m≥","08/02/2021","16","0.020","1"
"Pisticci","p-Xilene","µg/m≥","08/02/2021","17","0.040","1"
"Pisticci","p-Xilene","µg/m≥","08/02/2021","18","0.040","1"
"Pisticci","p-Xilene","µg/m≥","08/02/2021","19","0.040","1"
"Pisticci","p-Xilene","µg/m≥","08/02/2021","20","0.020","1"
"Pisticci","p-Xilene","µg/m≥","08/02/2021","21","0.020","1"
"Pisticci","p-Xilene","µg/m≥","08/02/2021","22","0.060","1"
"Pisticci","p-Xilene","µg/m≥","08/02/2021","23","0.010","1"
"Pisticci","p-Xilene","µg/m≥","08/02/2021","24","0.010","1"
"Pisticci","p-Xilene","µg/m≥","09/02/2021","01","0.010","1"
"Pisticci","p-Xilene","µg/m≥","09/02/2021","02","0.050","1"
"Pisticci","p-Xilene","µg/m≥","09/02/2021","03","0.010","1"
"Pisticci","p-Xilene","µg/m≥","09/02/2021","04","0.010","1"
"Pisticci","p-Xilene","µg/m≥","09/02/2021","05","0.050","1"
"Pisticci","p-Xilene","µg/m≥","09/02/2021","06","0.070","1"
"Pisticci","p-Xilene","µg/m≥","09/02/2021","07","0.010","1"
"Pisticci","p-Xilene","µg/m≥","09/02/2021","08","0.010","1"
"Pisticci","p-Xilene","µg/m≥","09/02/2021","09","0.110","1"
"Pisticci","p-Xilene","µg/m≥","09/02/2021","10","0.260","1"
"Pisticci","p-Xilene","µg/m≥","09/02/2021","11","0.160","1"
"Pisticci","p-Xilene","µg/m≥","09/02/2021","12","0.260","1"
"Pisticci","p-Xilene","µg/m≥","09/02/2021","13","0.370","1"
"Pisticci","p-Xilene","µg/m≥","09/02/2021","14","0.210","1"
"Pisticci","p-Xilene","µg/m≥","09/02/2021","15","0.110","1"
"Pisticci","p-Xilene","µg/m≥","09/02/2021","16","0.160","1"
"Pisticci","p-Xilene","µg/m≥","09/02/2021","17","0.030","1"
"Pisticci","p-Xilene","µg/m≥","09/02/2021","18","0.030","1"
"Pisticci","p-Xilene","µg/m≥","09/02/2021","19","0.010","1"
"Pisticci","p-Xilene","µg/m≥","09/02/2021","20","0.010","1"
"Pisticci","p-Xilene","µg/m≥","09/02/2021","21","0.020","1"
"Pisticci","p-Xilene","µg/m≥","09/02/2021","22","0.050","1"
"Pisticci","p-Xilene","µg/m≥","09/02/2021","23","0.030","1"
"Pisticci","p-Xilene","µg/m≥","09/02/2021","24","0.020","1"
"Pisticci","p-Xilene","µg/m≥","10/02/2021","01","0.050","1"
"Pisticci","p-Xilene","µg/m≥","10/02/2021","02","0.020","1"
"Pisticci","p-Xilene","µg/m≥","10/02/2021","03","0.020","1"
"Pisticci","p-Xilene","µg/m≥","10/02/2021","04","0.030","1"
"Pisticci","p-Xilene","µg/m≥","10/02/2021","05","0.020","1"
"Pisticci","p-Xilene","µg/m≥","10/02/2021","06","0.020","1"
"Pisticci","p-Xilene","µg/m≥","10/02/2021","07","0.030","1"
"Pisticci","p-Xilene","µg/m≥","10/02/2021","08","0.040","1"
"Pisticci","p-Xilene","µg/m≥","10/02/2021","09","0.010","1"
"Pisticci","p-Xilene","µg/m≥","10/02/2021","10","0.020","1"
"Pisticci","p-Xilene","µg/m≥","10/02/2021","11","0.020","1"
"Pisticci","p-Xilene","µg/m≥","10/02/2021","12","0.030","1"
"Pisticci","p-Xilene","µg/m≥","10/02/2021","13","0.040","1"
"Pisticci","p-Xilene","µg/m≥","10/02/2021","14","0.030","1"
"Pisticci","p-Xilene","µg/m≥","10/02/2021","15","0.010","1"
"Pisticci","p-Xilene","µg/m≥","10/02/2021","16","0.020","1"
"Pisticci","p-Xilene","µg/m≥","10/02/2021","17","0.130","1"
"Pisticci","p-Xilene","µg/m≥","10/02/2021","18","0.090","1"
"Pisticci","p-Xilene","µg/m≥","10/02/2021","19","0.020","1"
"Pisticci","p-Xilene","µg/m≥","10/02/2021","20","0.120","1"
"Pisticci","p-Xilene","µg/m≥","10/02/2021","21","0.050","1"
"Pisticci","p-Xilene","µg/m≥","10/02/2021","22","0.060","1"
"Pisticci","p-Xilene","µg/m≥","10/02/2021","23","0.140","1"
"Pisticci","p-Xilene","µg/m≥","10/02/2021","24","0.090","1"
"Pisticci","p-Xilene","µg/m≥","11/02/2021","01","0.030","1"
"Pisticci","p-Xilene","µg/m≥","11/02/2021","02","0.030","1"
"Pisticci","p-Xilene","µg/m≥","11/02/2021","03","0.020","1"
"Pisticci","p-Xilene","µg/m≥","11/02/2021","04","0.010","1"
"Pisticci","p-Xilene","µg/m≥","11/02/2021","05","0.020","1"
"Pisticci","p-Xilene","µg/m≥","11/02/2021","06","0.010","1"
"Pisticci","p-Xilene","µg/m≥","11/02/2021","07","0.010","1"
"Pisticci","p-Xilene","µg/m≥","11/02/2021","08","0.010","1"
"Pisticci","p-Xilene","µg/m≥","11/02/2021","09","0.010","1"
"Pisticci","p-Xilene","µg/m≥","11/02/2021","10","0.050","1"
"Pisticci","p-Xilene","µg/m≥","11/02/2021","11","0.100","1"
"Pisticci","p-Xilene","µg/m≥","11/02/2021","12","0.140","1"
"Pisticci","p-Xilene","µg/m≥","11/02/2021","13","0.020","1"
"Pisticci","p-Xilene","µg/m≥","11/02/2021","14","0.010","1"
"Pisticci","p-Xilene","µg/m≥","11/02/2021","15","0.010","1"
"Pisticci","p-Xilene","µg/m≥","11/02/2021","16","0.010","1"
"Pisticci","p-Xilene","µg/m≥","11/02/2021","17","0.060","1"
"Pisticci","p-Xilene","µg/m≥","11/02/2021","18","0.010","1"
"Pisticci","p-Xilene","µg/m≥","11/02/2021","19","0.100","1"
"Pisticci","p-Xilene","µg/m≥","11/02/2021","20","0.110","1"
"Pisticci","p-Xilene","µg/m≥","11/02/2021","21","0.260","1"
"Pisticci","p-Xilene","µg/m≥","11/02/2021","22","0.280","1"
"Pisticci","p-Xilene","µg/m≥","11/02/2021","23","0.370","1"
"Pisticci","p-Xilene","µg/m≥","11/02/2021","24","0.470","1"
"Pisticci","p-Xilene","µg/m≥","12/02/2021","01","0.360","1"
"Pisticci","p-Xilene","µg/m≥","12/02/2021","02","0.290","1"
"Pisticci","p-Xilene","µg/m≥","12/02/2021","03","0.230","1"
"Pisticci","p-Xilene","µg/m≥","12/02/2021","04","0.120","1"
"Pisticci","p-Xilene","µg/m≥","12/02/2021","05","0.230","1"
"Pisticci","p-Xilene","µg/m≥","12/02/2021","06","0.210","1"
"Pisticci","p-Xilene","µg/m≥","12/02/2021","07","0.100","1"
"Pisticci","p-Xilene","µg/m≥","12/02/2021","08","0.110","1"
"Pisticci","p-Xilene","µg/m≥","12/02/2021","09","0.090","1"
"Pisticci","p-Xilene","µg/m≥","12/02/2021","10","0.190","1"
"Pisticci","p-Xilene","µg/m≥","12/02/2021","11","0.030","1"
"Pisticci","p-Xilene","µg/m≥","12/02/2021","12","0.050","1"
"Pisticci","p-Xilene","µg/m≥","12/02/2021","13","0.030","1"
"Pisticci","p-Xilene","µg/m≥","12/02/2021","14","0.090","1"
"Pisticci","p-Xilene","µg/m≥","12/02/2021","15","0.110","1"
"Pisticci","p-Xilene","µg/m≥","12/02/2021","16","0.020","1"
"Pisticci","p-Xilene","µg/m≥","12/02/2021","17","0.090","1"
"Pisticci","p-Xilene","µg/m≥","12/02/2021","18","0.080","1"
"Pisticci","p-Xilene","µg/m≥","12/02/2021","19","0.090","1"
"Pisticci","p-Xilene","µg/m≥","12/02/2021","20","0.170","1"
"Pisticci","p-Xilene","µg/m≥","12/02/2021","21","0.250","1"
"Pisticci","p-Xilene","µg/m≥","12/02/2021","22","0.110","1"
"Pisticci","p-Xilene","µg/m≥","12/02/2021","23","0.150","1"
"Pisticci","p-Xilene","µg/m≥","12/02/2021","24","0.180","1"
"Pisticci","p-Xilene","µg/m≥","13/02/2021","01","0.160","1"
"Pisticci","p-Xilene","µg/m≥","13/02/2021","02","0.090","1"
"Pisticci","p-Xilene","µg/m≥","13/02/2021","03","0.020","1"
"Pisticci","p-Xilene","µg/m≥","13/02/2021","04","0.120","1"
"Pisticci","p-Xilene","µg/m≥","13/02/2021","05","0.020","1"
"Pisticci","p-Xilene","µg/m≥","13/02/2021","06","0.070","1"
"Pisticci","p-Xilene","µg/m≥","13/02/2021","07","0.020","1"
"Pisticci","p-Xilene","µg/m≥","13/02/2021","08","0.070","1"
"Pisticci","p-Xilene","µg/m≥","13/02/2021","09","0.070","1"
"Pisticci","p-Xilene","µg/m≥","13/02/2021","10","0.130","1"
"Pisticci","p-Xilene","µg/m≥","13/02/2021","11","0.110","1"
"Pisticci","p-Xilene","µg/m≥","13/02/2021","12","0.050","1"
"Pisticci","p-Xilene","µg/m≥","13/02/2021","13","0.130","1"
"Pisticci","p-Xilene","µg/m≥","13/02/2021","14","0.050","1"
"Pisticci","p-Xilene","µg/m≥","13/02/2021","15","0.010","1"
"Pisticci","p-Xilene","µg/m≥","13/02/2021","16","0.060","1"
"Pisticci","p-Xilene","µg/m≥","13/02/2021","17","0.040","1"
"Pisticci","p-Xilene","µg/m≥","13/02/2021","18","0.030","1"
"Pisticci","p-Xilene","µg/m≥","13/02/2021","19","0.050","1"
"Pisticci","p-Xilene","µg/m≥","13/02/2021","20","0.010","1"
"Pisticci","p-Xilene","µg/m≥","13/02/2021","21","0.010","1"
"Pisticci","p-Xilene","µg/m≥","13/02/2021","22","0.020","1"
"Pisticci","p-Xilene","µg/m≥","13/02/2021","23","0.010","1"
"Pisticci","p-Xilene","µg/m≥","13/02/2021","24","0.020","1"
"Pisticci","p-Xilene","µg/m≥","14/02/2021","01","0.010","1"
"Pisticci","p-Xilene","µg/m≥","14/02/2021","02","0.010","1"
"Pisticci","p-Xilene","µg/m≥","14/02/2021","03","0.010","1"
"Pisticci","p-Xilene","µg/m≥","14/02/2021","04","0.030","1"
"Pisticci","p-Xilene","µg/m≥","14/02/2021","05","0.100","1"
"Pisticci","p-Xilene","µg/m≥","14/02/2021","06","0.080","1"
"Pisticci","p-Xilene","µg/m≥","14/02/2021","07","0.060","1"
"Pisticci","p-Xilene","µg/m≥","14/02/2021","08","-9999","-1"
"Pisticci","p-Xilene","µg/m≥","14/02/2021","09","0.080","1"
"Pisticci","p-Xilene","µg/m≥","14/02/2021","10","0.340","1"
"Pisticci","p-Xilene","µg/m≥","14/02/2021","11","0.170","1"
"Pisticci","p-Xilene","µg/m≥","14/02/2021","12","0.150","1"
"Pisticci","p-Xilene","µg/m≥","14/02/2021","13","0.510","1"
"Pisticci","p-Xilene","µg/m≥","14/02/2021","14","0.590","1"
"Pisticci","p-Xilene","µg/m≥","14/02/2021","15","0.340","1"
"Pisticci","p-Xilene","µg/m≥","14/02/2021","16","0.980","1"
"Pisticci","p-Xilene","µg/m≥","14/02/2021","17","0.980","1"
"Pisticci","p-Xilene","µg/m≥","14/02/2021","18","0.630","1"
"Pisticci","p-Xilene","µg/m≥","14/02/2021","19","0.890","1"
"Pisticci","p-Xilene","µg/m≥","14/02/2021","20","0.290","1"
"Pisticci","p-Xilene","µg/m≥","14/02/2021","21","0.220","1"
"Pisticci","p-Xilene","µg/m≥","14/02/2021","22","0.400","1"
"Pisticci","p-Xilene","µg/m≥","14/02/2021","23","0.420","1"
"Pisticci","p-Xilene","µg/m≥","14/02/2021","24","0.830","1"
"Pisticci","p-Xilene","µg/m≥","15/02/2021","01","0.340","1"
"Pisticci","p-Xilene","µg/m≥","15/02/2021","02","0.580","1"
"Pisticci","p-Xilene","µg/m≥","15/02/2021","03","0.580","1"
"Pisticci","p-Xilene","µg/m≥","15/02/2021","04","0.880","1"
"Pisticci","p-Xilene","µg/m≥","15/02/2021","05","0.220","1"
"Pisticci","p-Xilene","µg/m≥","15/02/2021","06","0.630","1"
"Pisticci","p-Xilene","µg/m≥","15/02/2021","07","0.290","1"
"Pisticci","p-Xilene","µg/m≥","15/02/2021","08","0.220","1"
"Pisticci","p-Xilene","µg/m≥","15/02/2021","09","0.450","1"
"Pisticci","p-Xilene","µg/m≥","15/02/2021","10","0.250","1"
"Pisticci","p-Xilene","µg/m≥","15/02/2021","11","0.170","1"
"Pisticci","p-Xilene","µg/m≥","15/02/2021","12","0.390","1"
"Pisticci","p-Xilene","µg/m≥","15/02/2021","13","0.440","1"
"Pisticci","p-Xilene","µg/m≥","15/02/2021","14","0.190","1"
"Pisticci","p-Xilene","µg/m≥","15/02/2021","15","0.400","1"
"Pisticci","p-Xilene","µg/m≥","15/02/2021","16","1.190","1"
"Pisticci","p-Xilene","µg/m≥","15/02/2021","17","0.320","1"
"Pisticci","p-Xilene","µg/m≥","15/02/2021","18","0.430","1"
"Pisticci","p-Xilene","µg/m≥","15/02/2021","19","0.440","1"
"Pisticci","p-Xilene","µg/m≥","15/02/2021","20","0.490","1"
"Pisticci","p-Xilene","µg/m≥","15/02/2021","21","0.360","1"
"Pisticci","p-Xilene","µg/m≥","15/02/2021","22","0.170","1"
"Pisticci","p-Xilene","µg/m≥","15/02/2021","23","0.160","1"
"Pisticci","p-Xilene","µg/m≥","15/02/2021","24","0.440","1"
"Pisticci","p-Xilene","µg/m≥","16/02/2021","01","1.160","1"
"Pisticci","p-Xilene","µg/m≥","16/02/2021","02","0.330","1"
"Pisticci","p-Xilene","µg/m≥","16/02/2021","03","0.280","1"
"Pisticci","p-Xilene","µg/m≥","16/02/2021","04","0.920","1"
"Pisticci","p-Xilene","µg/m≥","16/02/2021","05","0.180","1"
"Pisticci","p-Xilene","µg/m≥","16/02/2021","06","0.410","1"
"Pisticci","p-Xilene","µg/m≥","16/02/2021","07","0.290","1"
"Pisticci","p-Xilene","µg/m≥","16/02/2021","08","1.840","1"
"Pisticci","p-Xilene","µg/m≥","16/02/2021","09","1.570","1"
"Pisticci","p-Xilene","µg/m≥","16/02/2021","10","0.910","1"
"Pisticci","p-Xilene","µg/m≥","16/02/2021","11","0.830","1"
"Pisticci","p-Xilene","µg/m≥","16/02/2021","12","0.510","1"
"Pisticci","p-Xilene","µg/m≥","16/02/2021","13","3.000","1"
"Pisticci","p-Xilene","µg/m≥","16/02/2021","14","0.860","1"
"Pisticci","p-Xilene","µg/m≥","16/02/2021","15","1.010","1"
"Pisticci","p-Xilene","µg/m≥","16/02/2021","16","1.390","1"
"Pisticci","p-Xilene","µg/m≥","16/02/2021","17","0.680","1"
"Pisticci","p-Xilene","µg/m≥","16/02/2021","18","1.730","1"
"Pisticci","p-Xilene","µg/m≥","16/02/2021","19","1.480","1"
"Pisticci","p-Xilene","µg/m≥","16/02/2021","20","0.590","1"
"Pisticci","p-Xilene","µg/m≥","16/02/2021","21","0.440","1"
"Pisticci","p-Xilene","µg/m≥","16/02/2021","22","0.990","1"
"Pisticci","p-Xilene","µg/m≥","16/02/2021","23","0.560","1"
"Pisticci","p-Xilene","µg/m≥","16/02/2021","24","0.280","1"
"Pisticci","p-Xilene","µg/m≥","17/02/2021","01","0.290","1"
"Pisticci","p-Xilene","µg/m≥","17/02/2021","02","0.240","1"
"Pisticci","p-Xilene","µg/m≥","17/02/2021","03","0.770","1"
"Pisticci","p-Xilene","µg/m≥","17/02/2021","04","0.270","1"
"Pisticci","p-Xilene","µg/m≥","17/02/2021","05","1.260","1"
"Pisticci","p-Xilene","µg/m≥","17/02/2021","06","0.430","1"
"Pisticci","p-Xilene","µg/m≥","17/02/2021","07","0.550","1"
"Pisticci","p-Xilene","µg/m≥","17/02/2021","08","0.640","1"
"Pisticci","p-Xilene","µg/m≥","17/02/2021","09","0.510","1"
"Pisticci","p-Xilene","µg/m≥","17/02/2021","10","0.240","1"
"Pisticci","p-Xilene","µg/m≥","17/02/2021","11","1.830","1"
"Pisticci","p-Xilene","µg/m≥","17/02/2021","12","1.490","1"
"Pisticci","p-Xilene","µg/m≥","17/02/2021","13","0.430","1"
"Pisticci","p-Xilene","µg/m≥","17/02/2021","14","0.040","1"
"Pisticci","p-Xilene","µg/m≥","17/02/2021","15","0.560","-1"
"Pisticci","p-Xilene","µg/m≥","17/02/2021","16","-9999","-1"
"Pisticci","p-Xilene","µg/m≥","17/02/2021","17","-9999","-1"
"Pisticci","p-Xilene","µg/m≥","17/02/2021","18","-9999","-1"
"Pisticci","p-Xilene","µg/m≥","17/02/2021","19","-9999","-1"
"Pisticci","p-Xilene","µg/m≥","17/02/2021","20","5.200","-1"
"Pisticci","p-Xilene","µg/m≥","17/02/2021","21","2.310","-1"
"Pisticci","p-Xilene","µg/m≥","17/02/2021","22","1.440","1"
"Pisticci","p-Xilene","µg/m≥","17/02/2021","23","0.970","1"
"Pisticci","p-Xilene","µg/m≥","17/02/2021","24","0.720","1"
"Pisticci","p-Xilene","µg/m≥","18/02/2021","01","0.360","1"
"Pisticci","p-Xilene","µg/m≥","18/02/2021","02","0.310","1"
"Pisticci","p-Xilene","µg/m≥","18/02/2021","03","0.380","1"
"Pisticci","p-Xilene","µg/m≥","18/02/2021","04","0.190","1"
"Pisticci","p-Xilene","µg/m≥","18/02/2021","05","0.160","1"
"Pisticci","p-Xilene","µg/m≥","18/02/2021","06","0.130","1"
"Pisticci","p-Xilene","µg/m≥","18/02/2021","07","0.280","1"
"Pisticci","p-Xilene","µg/m≥","18/02/2021","08","0.270","1"
"Pisticci","p-Xilene","µg/m≥","18/02/2021","09","0.180","1"
"Pisticci","p-Xilene","µg/m≥","18/02/2021","10","0.040","1"
"Pisticci","p-Xilene","µg/m≥","18/02/2021","11","0.350","1"
"Pisticci","p-Xilene","µg/m≥","18/02/2021","12","0.440","1"
"Pisticci","p-Xilene","µg/m≥","18/02/2021","13","0.300","1"
"Pisticci","p-Xilene","µg/m≥","18/02/2021","14","0.250","1"
"Pisticci","p-Xilene","µg/m≥","18/02/2021","15","0.220","1"
"Pisticci","p-Xilene","µg/m≥","18/02/2021","16","0.140","1"
"Pisticci","p-Xilene","µg/m≥","18/02/2021","17","0.320","1"
"Pisticci","p-Xilene","µg/m≥","18/02/2021","18","0.200","1"
"Pisticci","p-Xilene","µg/m≥","18/02/2021","19","0.040","1"
"Pisticci","p-Xilene","µg/m≥","18/02/2021","20","0.220","1"
"Pisticci","p-Xilene","µg/m≥","18/02/2021","21","0.510","1"
"Pisticci","p-Xilene","µg/m≥","18/02/2021","22","0.250","1"
"Pisticci","p-Xilene","µg/m≥","18/02/2021","23","0.180","1"
"Pisticci","p-Xilene","µg/m≥","18/02/2021","24","0.220","1"
"Pisticci","p-Xilene","µg/m≥","19/02/2021","01","0.060","1"
"Pisticci","p-Xilene","µg/m≥","19/02/2021","02","0.090","1"
"Pisticci","p-Xilene","µg/m≥","19/02/2021","03","0.090","1"
"Pisticci","p-Xilene","µg/m≥","19/02/2021","04","0.050","1"
"Pisticci","p-Xilene","µg/m≥","19/02/2021","05","0.150","1"
"Pisticci","p-Xilene","µg/m≥","19/02/2021","06","0.150","1"
"Pisticci","p-Xilene","µg/m≥","19/02/2021","07","0.100","1"
"Pisticci","p-Xilene","µg/m≥","19/02/2021","08","0.060","1"
"Pisticci","p-Xilene","µg/m≥","19/02/2021","09","0.060","1"
"Pisticci","p-Xilene","µg/m≥","19/02/2021","10","0.160","1"
"Pisticci","p-Xilene","µg/m≥","19/02/2021","11","0.210","1"
"Pisticci","p-Xilene","µg/m≥","19/02/2021","12","0.050","1"
"Pisticci","p-Xilene","µg/m≥","19/02/2021","13","0.400","1"
"Pisticci","p-Xilene","µg/m≥","19/02/2021","14","0.290","1"
"Pisticci","p-Xilene","µg/m≥","19/02/2021","15","0.170","1"
"Pisticci","p-Xilene","µg/m≥","19/02/2021","16","0.080","1"
"Pisticci","p-Xilene","µg/m≥","19/02/2021","17","0.010","1"
"Pisticci","p-Xilene","µg/m≥","19/02/2021","18","0.100","1"
"Pisticci","p-Xilene","µg/m≥","19/02/2021","19","0.110","1"
"Pisticci","p-Xilene","µg/m≥","19/02/2021","20","0.380","1"
"Pisticci","p-Xilene","µg/m≥","19/02/2021","21","0.170","1"
"Pisticci","p-Xilene","µg/m≥","19/02/2021","22","0.160","1"
"Pisticci","p-Xilene","µg/m≥","19/02/2021","23","0.130","1"
"Pisticci","p-Xilene","µg/m≥","19/02/2021","24","0.220","1"
"Pisticci","p-Xilene","µg/m≥","20/02/2021","01","0.070","1"
"Pisticci","p-Xilene","µg/m≥","20/02/2021","02","0.190","1"
"Pisticci","p-Xilene","µg/m≥","20/02/2021","03","0.080","1"
"Pisticci","p-Xilene","µg/m≥","20/02/2021","04","0.100","1"
"Pisticci","p-Xilene","µg/m≥","20/02/2021","05","0.160","1"
"Pisticci","p-Xilene","µg/m≥","20/02/2021","06","0.060","1"
"Pisticci","p-Xilene","µg/m≥","20/02/2021","07","0.140","1"
"Pisticci","p-Xilene","µg/m≥","20/02/2021","08","0.860","1"
"Pisticci","p-Xilene","µg/m≥","20/02/2021","09","0.910","1"
"Pisticci","p-Xilene","µg/m≥","20/02/2021","10","0.290","1"
"Pisticci","p-Xilene","µg/m≥","20/02/2021","11","0.260","1"
"Pisticci","p-Xilene","µg/m≥","20/02/2021","12","0.210","1"
"Pisticci","p-Xilene","µg/m≥","20/02/2021","13","0.150","1"
"Pisticci","p-Xilene","µg/m≥","20/02/2021","14","0.190","1"
"Pisticci","p-Xilene","µg/m≥","20/02/2021","15","0.120","1"
"Pisticci","p-Xilene","µg/m≥","20/02/2021","16","0.030","1"
"Pisticci","p-Xilene","µg/m≥","20/02/2021","17","0.040","1"
"Pisticci","p-Xilene","µg/m≥","20/02/2021","18","0.030","1"
"Pisticci","p-Xilene","µg/m≥","20/02/2021","19","0.080","1"
"Pisticci","p-Xilene","µg/m≥","20/02/2021","20","0.150","1"
"Pisticci","p-Xilene","µg/m≥","20/02/2021","21","0.090","1"
"Pisticci","p-Xilene","µg/m≥","20/02/2021","22","0.380","1"
"Pisticci","p-Xilene","µg/m≥","20/02/2021","23","0.120","1"
"Pisticci","p-Xilene","µg/m≥","20/02/2021","24","0.160","1"
"Pisticci","p-Xilene","µg/m≥","21/02/2021","01","0.100","1"
"Pisticci","p-Xilene","µg/m≥","21/02/2021","02","0.110","1"
"Pisticci","p-Xilene","µg/m≥","21/02/2021","03","0.150","1"
"Pisticci","p-Xilene","µg/m≥","21/02/2021","04","0.120","1"
"Pisticci","p-Xilene","µg/m≥","21/02/2021","05","0.120","1"
"Pisticci","p-Xilene","µg/m≥","21/02/2021","06","0.130","1"
"Pisticci","p-Xilene","µg/m≥","21/02/2021","07","0.100","1"
"Pisticci","p-Xilene","µg/m≥","21/02/2021","08","0.090","1"
"Pisticci","p-Xilene","µg/m≥","21/02/2021","09","0.050","1"
"Pisticci","p-Xilene","µg/m≥","21/02/2021","10","0.140","1"
"Pisticci","p-Xilene","µg/m≥","21/02/2021","11","0.180","1"
"Pisticci","p-Xilene","µg/m≥","21/02/2021","12","0.050","1"
"Pisticci","p-Xilene","µg/m≥","21/02/2021","13","0.270","1"
"Pisticci","p-Xilene","µg/m≥","21/02/2021","14","0.020","1"
"Pisticci","p-Xilene","µg/m≥","21/02/2021","15","0.030","1"
"Pisticci","p-Xilene","µg/m≥","21/02/2021","16","0.050","1"
"Pisticci","p-Xilene","µg/m≥","21/02/2021","17","0.010","1"
"Pisticci","p-Xilene","µg/m≥","21/02/2021","18","0.330","1"
"Pisticci","p-Xilene","µg/m≥","21/02/2021","19","0.120","1"
"Pisticci","p-Xilene","µg/m≥","21/02/2021","20","0.400","1"
"Pisticci","p-Xilene","µg/m≥","21/02/2021","21","0.110","1"
"Pisticci","p-Xilene","µg/m≥","21/02/2021","22","0.220","1"
"Pisticci","p-Xilene","µg/m≥","21/02/2021","23","0.230","1"
"Pisticci","p-Xilene","µg/m≥","21/02/2021","24","0.170","1"
"Pisticci","p-Xilene","µg/m≥","22/02/2021","01","0.120","1"
"Pisticci","p-Xilene","µg/m≥","22/02/2021","02","0.220","1"
"Pisticci","p-Xilene","µg/m≥","22/02/2021","03","0.200","1"
"Pisticci","p-Xilene","µg/m≥","22/02/2021","04","0.090","1"
"Pisticci","p-Xilene","µg/m≥","22/02/2021","05","0.090","1"
"Pisticci","p-Xilene","µg/m≥","22/02/2021","06","0.120","1"
"Pisticci","p-Xilene","µg/m≥","22/02/2021","07","0.120","1"
"Pisticci","p-Xilene","µg/m≥","22/02/2021","08","0.120","1"
"Pisticci","p-Xilene","µg/m≥","22/02/2021","09","0.060","1"
"Pisticci","p-Xilene","µg/m≥","22/02/2021","10","0.050","1"
"Pisticci","p-Xilene","µg/m≥","22/02/2021","11","0.040","1"
"Pisticci","p-Xilene","µg/m≥","22/02/2021","12","0.120","1"
"Pisticci","p-Xilene","µg/m≥","22/02/2021","13","-9999","-1"
"Pisticci","p-Xilene","µg/m≥","22/02/2021","14","-9999","-1"
"Pisticci","p-Xilene","µg/m≥","22/02/2021","15","-9999","-1"
"Pisticci","p-Xilene","µg/m≥","22/02/2021","16","-9999","-1"
"Pisticci","p-Xilene","µg/m≥","22/02/2021","17","-9999","-1"
"Pisticci","p-Xilene","µg/m≥","22/02/2021","18","-9999","-1"
"Pisticci","p-Xilene","µg/m≥","22/02/2021","19","-9999","-1"
"Pisticci","p-Xilene","µg/m≥","22/02/2021","20","-9999","-1"
"Pisticci","p-Xilene","µg/m≥","22/02/2021","21","-9999","-1"
"Pisticci","p-Xilene","µg/m≥","22/02/2021","22","-9999","-1"
"Pisticci","p-Xilene","µg/m≥","22/02/2021","23","1.180","1"
"Pisticci","p-Xilene","µg/m≥","22/02/2021","24","0.350","1"
"Pisticci","p-Xilene","µg/m≥","23/02/2021","01","0.280","1"
"Pisticci","p-Xilene","µg/m≥","23/02/2021","02","0.430","1"
"Pisticci","p-Xilene","µg/m≥","23/02/2021","03","0.240","1"
"Pisticci","p-Xilene","µg/m≥","23/02/2021","04","0.310","1"
"Pisticci","p-Xilene","µg/m≥","23/02/2021","05","0.070","1"
"Pisticci","p-Xilene","µg/m≥","23/02/2021","06","0.120","1"
"Pisticci","p-Xilene","µg/m≥","23/02/2021","07","0.120","1"
"Pisticci","p-Xilene","µg/m≥","23/02/2021","08","0.150","1"
"Pisticci","p-Xilene","µg/m≥","23/02/2021","09","0.040","1"
"Pisticci","p-Xilene","µg/m≥","23/02/2021","10","0.110","1"
"Pisticci","p-Xilene","µg/m≥","23/02/2021","11","0.060","1"
"Pisticci","p-Xilene","µg/m≥","23/02/2021","12","0.320","1"
"Pisticci","p-Xilene","µg/m≥","23/02/2021","13","0.360","1"
"Pisticci","p-Xilene","µg/m≥","23/02/2021","14","0.260","1"
"Pisticci","p-Xilene","µg/m≥","23/02/2021","15","0.250","1"
"Pisticci","p-Xilene","µg/m≥","23/02/2021","16","0.270","1"
"Pisticci","p-Xilene","µg/m≥","23/02/2021","17","0.300","1"
"Pisticci","p-Xilene","µg/m≥","23/02/2021","18","0.210","1"
"Pisticci","p-Xilene","µg/m≥","23/02/2021","19","0.200","1"
"Pisticci","p-Xilene","µg/m≥","23/02/2021","20","0.140","1"
"Pisticci","p-Xilene","µg/m≥","23/02/2021","21","0.250","1"
"Pisticci","p-Xilene","µg/m≥","23/02/2021","22","0.030","1"
"Pisticci","p-Xilene","µg/m≥","23/02/2021","23","0.020","1"
"Pisticci","p-Xilene","µg/m≥","23/02/2021","24","0.070","1"
"Pisticci","p-Xilene","µg/m≥","24/02/2021","01","0.080","1"
"Pisticci","p-Xilene","µg/m≥","24/02/2021","02","0.030","1"
"Pisticci","p-Xilene","µg/m≥","24/02/2021","03","0.040","1"
"Pisticci","p-Xilene","µg/m≥","24/02/2021","04","0.050","1"
"Pisticci","p-Xilene","µg/m≥","24/02/2021","05","0.030","1"
"Pisticci","p-Xilene","µg/m≥","24/02/2021","06","0.020","1"
"Pisticci","p-Xilene","µg/m≥","24/02/2021","07","0.020","1"
"Pisticci","p-Xilene","µg/m≥","24/02/2021","08","0.030","1"
"Pisticci","p-Xilene","µg/m≥","24/02/2021","09","0.070","1"
"Pisticci","p-Xilene","µg/m≥","24/02/2021","10","0.100","1"
"Pisticci","p-Xilene","µg/m≥","24/02/2021","11","0.080","1"
"Pisticci","p-Xilene","µg/m≥","24/02/2021","12","0.120","1"
"Pisticci","p-Xilene","µg/m≥","24/02/2021","13","0.210","1"
"Pisticci","p-Xilene","µg/m≥","24/02/2021","14","0.130","1"
"Pisticci","p-Xilene","µg/m≥","24/02/2021","15","0.030","1"
"Pisticci","p-Xilene","µg/m≥","24/02/2021","16","0.120","1"
"Pisticci","p-Xilene","µg/m≥","24/02/2021","17","0.110","1"
"Pisticci","p-Xilene","µg/m≥","24/02/2021","18","0.050","1"
"Pisticci","p-Xilene","µg/m≥","24/02/2021","19","0.090","1"
"Pisticci","p-Xilene","µg/m≥","24/02/2021","20","0.120","1"
"Pisticci","p-Xilene","µg/m≥","24/02/2021","21","0.070","1"
"Pisticci","p-Xilene","µg/m≥","24/02/2021","22","0.110","1"
"Pisticci","p-Xilene","µg/m≥","24/02/2021","23","0.050","1"
"Pisticci","p-Xilene","µg/m≥","24/02/2021","24","0.110","1"
"Pisticci","p-Xilene","µg/m≥","25/02/2021","01","0.020","1"
"Pisticci","p-Xilene","µg/m≥","25/02/2021","02","0.080","1"
"Pisticci","p-Xilene","µg/m≥","25/02/2021","03","0.020","1"
"Pisticci","p-Xilene","µg/m≥","25/02/2021","04","0.020","1"
"Pisticci","p-Xilene","µg/m≥","25/02/2021","05","0.010","1"
"Pisticci","p-Xilene","µg/m≥","25/02/2021","06","0.020","1"
"Pisticci","p-Xilene","µg/m≥","25/02/2021","07","0.030","1"
"Pisticci","p-Xilene","µg/m≥","25/02/2021","08","0.030","1"
"Pisticci","p-Xilene","µg/m≥","25/02/2021","09","0.040","1"
"Pisticci","p-Xilene","µg/m≥","25/02/2021","10","0.100","1"
"Pisticci","p-Xilene","µg/m≥","25/02/2021","11","0.160","1"
"Pisticci","p-Xilene","µg/m≥","25/02/2021","12","0.250","1"
"Pisticci","p-Xilene","µg/m≥","25/02/2021","13","0.140","1"
"Pisticci","p-Xilene","µg/m≥","25/02/2021","14","0.260","1"
"Pisticci","p-Xilene","µg/m≥","25/02/2021","15","0.220","1"
"Pisticci","p-Xilene","µg/m≥","25/02/2021","16","0.220","1"
"Pisticci","p-Xilene","µg/m≥","25/02/2021","17","0.080","1"
"Pisticci","p-Xilene","µg/m≥","25/02/2021","18","0.020","1"
"Pisticci","p-Xilene","µg/m≥","25/02/2021","19","0.320","1"
"Pisticci","p-Xilene","µg/m≥","25/02/2021","20","0.280","1"
"Pisticci","p-Xilene","µg/m≥","25/02/2021","21","0.110","1"
"Pisticci","p-Xilene","µg/m≥","25/02/2021","22","0.350","1"
"Pisticci","p-Xilene","µg/m≥","25/02/2021","23","0.330","1"
"Pisticci","p-Xilene","µg/m≥","25/02/2021","24","0.330","1"
"Pisticci","p-Xilene","µg/m≥","26/02/2021","01","0.050","1"
"Pisticci","p-Xilene","µg/m≥","26/02/2021","02","0.130","1"
"Pisticci","p-Xilene","µg/m≥","26/02/2021","03","0.030","1"
"Pisticci","p-Xilene","µg/m≥","26/02/2021","04","0.070","1"
"Pisticci","p-Xilene","µg/m≥","26/02/2021","05","0.080","1"
"Pisticci","p-Xilene","µg/m≥","26/02/2021","06","0.030","1"
"Pisticci","p-Xilene","µg/m≥","26/02/2021","07","0.060","1"
"Pisticci","p-Xilene","µg/m≥","26/02/2021","08","0.040","1"
"Pisticci","p-Xilene","µg/m≥","26/02/2021","09","0.110","1"
"Pisticci","p-Xilene","µg/m≥","26/02/2021","10","0.250","1"
"Pisticci","p-Xilene","µg/m≥","26/02/2021","11","0.260","1"
"Pisticci","p-Xilene","µg/m≥","26/02/2021","12","0.260","1"
"Pisticci","p-Xilene","µg/m≥","26/02/2021","13","0.310","1"
"Pisticci","p-Xilene","µg/m≥","26/02/2021","14","0.370","1"
"Pisticci","p-Xilene","µg/m≥","26/02/2021","15","0.290","1"
"Pisticci","p-Xilene","µg/m≥","26/02/2021","16","0.110","1"
"Pisticci","p-Xilene","µg/m≥","26/02/2021","17","0.030","1"
"Pisticci","p-Xilene","µg/m≥","26/02/2021","18","0.200","1"
"Pisticci","p-Xilene","µg/m≥","26/02/2021","19","0.220","1"
"Pisticci","p-Xilene","µg/m≥","26/02/2021","20","0.330","1"
"Pisticci","p-Xilene","µg/m≥","26/02/2021","21","0.240","1"
"Pisticci","p-Xilene","µg/m≥","26/02/2021","22","0.280","1"
"Pisticci","p-Xilene","µg/m≥","26/02/2021","23","0.280","1"
"Pisticci","p-Xilene","µg/m≥","26/02/2021","24","0.340","1"
"Pisticci","p-Xilene","µg/m≥","27/02/2021","01","0.290","1"
"Pisticci","p-Xilene","µg/m≥","27/02/2021","02","0.030","1"
"Pisticci","p-Xilene","µg/m≥","27/02/2021","03","0.170","1"
"Pisticci","p-Xilene","µg/m≥","27/02/2021","04","0.210","1"
"Pisticci","p-Xilene","µg/m≥","27/02/2021","05","0.080","1"
"Pisticci","p-Xilene","µg/m≥","27/02/2021","06","0.090","1"
"Pisticci","p-Xilene","µg/m≥","27/02/2021","07","0.030","1"
"Pisticci","p-Xilene","µg/m≥","27/02/2021","08","0.110","1"
"Pisticci","p-Xilene","µg/m≥","27/02/2021","09","0.160","1"
"Pisticci","p-Xilene","µg/m≥","27/02/2021","10","0.630","1"
"Pisticci","p-Xilene","µg/m≥","27/02/2021","11","0.540","1"
"Pisticci","p-Xilene","µg/m≥","27/02/2021","12","0.450","1"
"Pisticci","p-Xilene","µg/m≥","27/02/2021","13","0.460","1"
"Pisticci","p-Xilene","µg/m≥","27/02/2021","14","0.270","1"
"Pisticci","p-Xilene","µg/m≥","27/02/2021","15","0.210","1"
"Pisticci","p-Xilene","µg/m≥","27/02/2021","16","0.020","1"
"Pisticci","p-Xilene","µg/m≥","27/02/2021","17","0.080","1"
"Pisticci","p-Xilene","µg/m≥","27/02/2021","18","0.180","1"
"Pisticci","p-Xilene","µg/m≥","27/02/2021","19","0.270","1"
"Pisticci","p-Xilene","µg/m≥","27/02/2021","20","0.160","1"
"Pisticci","p-Xilene","µg/m≥","27/02/2021","21","0.330","1"
"Pisticci","p-Xilene","µg/m≥","27/02/2021","22","0.350","1"
"Pisticci","p-Xilene","µg/m≥","27/02/2021","23","0.130","1"
"Pisticci","p-Xilene","µg/m≥","27/02/2021","24","0.020","1"
"Pisticci","p-Xilene","µg/m≥","28/02/2021","01","0.040","1"
"Pisticci","p-Xilene","µg/m≥","28/02/2021","02","0.020","1"
"Pisticci","p-Xilene","µg/m≥","28/02/2021","03","0.060","1"
"Pisticci","p-Xilene","µg/m≥","28/02/2021","04","0.030","1"
"Pisticci","p-Xilene","µg/m≥","28/02/2021","05","0.060","1"
"Pisticci","p-Xilene","µg/m≥","28/02/2021","06","0.070","1"
"Pisticci","p-Xilene","µg/m≥","28/02/2021","07","0.030","1"
"Pisticci","p-Xilene","µg/m≥","28/02/2021","08","0.040","1"
"Pisticci","p-Xilene","µg/m≥","28/02/2021","09","0.070","1"
"Pisticci","p-Xilene","µg/m≥","28/02/2021","10","0.060","1"
"Pisticci","p-Xilene","µg/m≥","28/02/2021","11","0.040","1"
"Pisticci","p-Xilene","µg/m≥","28/02/2021","12","0.020","1"
"Pisticci","p-Xilene","µg/m≥","28/02/2021","13","0.040","1"
"Pisticci","p-Xilene","µg/m≥","28/02/2021","14","0.010","1"
"Pisticci","p-Xilene","µg/m≥","28/02/2021","15","0.010","1"
"Pisticci","p-Xilene","µg/m≥","28/02/2021","16","0.010","1"
"Pisticci","p-Xilene","µg/m≥","28/02/2021","17","0.030","1"
"Pisticci","p-Xilene","µg/m≥","28/02/2021","18","0.010","1"
"Pisticci","p-Xilene","µg/m≥","28/02/2021","19","0.030","1"
"Pisticci","p-Xilene","µg/m≥","28/02/2021","20","0.010","1"
"Pisticci","p-Xilene","µg/m≥","28/02/2021","21","0.010","1"
"Pisticci","p-Xilene","µg/m≥","28/02/2021","22","0.010","1"
"Pisticci","p-Xilene","µg/m≥","28/02/2021","23","0.010","1"
"Pisticci","p-Xilene","µg/m≥","28/02/2021","24","0.020","1"
"Pisticci","p-Xilene","µg/m≥","01/03/2021","01","0.010","-1"
"Pisticci","p-Xilene","µg/m≥","01/03/2021","02","0.020","-1"
"Pisticci","p-Xilene","µg/m≥","01/03/2021","03","0.020","-1"
"Pisticci","p-Xilene","µg/m≥","01/03/2021","04","0.010","-1"
"Pisticci","p-Xilene","µg/m≥","01/03/2021","05","0.010","-1"
"Pisticci","p-Xilene","µg/m≥","01/03/2021","06","0.010","-1"
"Pisticci","p-Xilene","µg/m≥","01/03/2021","07","0.010","-1"
"Pisticci","p-Xilene","µg/m≥","01/03/2021","08","0.030","-1"
"Pisticci","p-Xilene","µg/m≥","01/03/2021","09","0.010","-1"
"Pisticci","p-Xilene","µg/m≥","01/03/2021","10","0.050","-1"
"Pisticci","p-Xilene","µg/m≥","01/03/2021","11","0.110","-1"
"Pisticci","p-Xilene","µg/m≥","01/03/2021","12","0.070","-1"
"Pisticci","p-Xilene","µg/m≥","01/03/2021","13","0.080","-1"
"Pisticci","p-Xilene","µg/m≥","01/03/2021","14","0.010","-1"
"Pisticci","p-Xilene","µg/m≥","01/03/2021","15","0.020","-1"
"Pisticci","p-Xilene","µg/m≥","01/03/2021","16","0.030","-1"
"Pisticci","p-Xilene","µg/m≥","01/03/2021","17","0.080","-1"
"Pisticci","p-Xilene","µg/m≥","01/03/2021","18","0.180","-1"
"Pisticci","p-Xilene","µg/m≥","01/03/2021","19","0.230","-1"
"Pisticci","p-Xilene","µg/m≥","01/03/2021","20","0.070","-1"
"Pisticci","p-Xilene","µg/m≥","01/03/2021","21","0.210","-1"
"Pisticci","p-Xilene","µg/m≥","01/03/2021","22","0.170","-1"
"Pisticci","p-Xilene","µg/m≥","01/03/2021","23","0.140","-1"
"Pisticci","p-Xilene","µg/m≥","01/03/2021","24","0.100","-1"
"Pisticci","p-Xilene","µg/m≥","02/03/2021","01","0.100","-1"
"Pisticci","p-Xilene","µg/m≥","02/03/2021","02","0.020","-1"
"Pisticci","p-Xilene","µg/m≥","02/03/2021","03","0.050","-1"
"Pisticci","p-Xilene","µg/m≥","02/03/2021","04","0.020","-1"
"Pisticci","p-Xilene","µg/m≥","02/03/2021","05","0.030","-1"
"Pisticci","p-Xilene","µg/m≥","02/03/2021","06","0.060","-1"
"Pisticci","p-Xilene","µg/m≥","02/03/2021","07","0.020","-1"
"Pisticci","p-Xilene","µg/m≥","02/03/2021","08","0.020","-1"
"Pisticci","p-Xilene","µg/m≥","02/03/2021","09","0.050","-1"
"Pisticci","p-Xilene","µg/m≥","02/03/2021","10","0.080","-1"
"Pisticci","p-Xilene","µg/m≥","02/03/2021","11","0.030","-1"
"Pisticci","p-Xilene","µg/m≥","02/03/2021","12","0.020","-1"
"Pisticci","p-Xilene","µg/m≥","02/03/2021","13","-9999","-1"
"Pisticci","p-Xilene","µg/m≥","02/03/2021","14","-9999","-1"
"Pisticci","p-Xilene","µg/m≥","02/03/2021","15","-9999","-1"
"Pisticci","p-Xilene","µg/m≥","02/03/2021","16","-9999","-1"
"Pisticci","p-Xilene","µg/m≥","02/03/2021","17","-9999","-1"
"Pisticci","p-Xilene","µg/m≥","02/03/2021","18","0.010","-1"
"Pisticci","p-Xilene","µg/m≥","02/03/2021","19","0.000","-1"
"Pisticci","p-Xilene","µg/m≥","02/03/2021","20","0.000","-1"
"Pisticci","p-Xilene","µg/m≥","02/03/2021","21","0.000","-1"
"Pisticci","p-Xilene","µg/m≥","02/03/2021","22","0.010","-1"
"Pisticci","p-Xilene","µg/m≥","02/03/2021","23","0.000","-1"
"Pisticci","p-Xilene","µg/m≥","02/03/2021","24","0.000","-1"
"Pisticci","p-Xilene","µg/m≥","03/03/2021","01","0.000","-1"
"Pisticci","p-Xilene","µg/m≥","03/03/2021","02","0.000","1"
"Pisticci","p-Xilene","µg/m≥","03/03/2021","03","0.030","1"
"Pisticci","p-Xilene","µg/m≥","03/03/2021","04","0.030","1"
"Pisticci","p-Xilene","µg/m≥","03/03/2021","05","0.000","1"
"Pisticci","p-Xilene","µg/m≥","03/03/2021","06","0.050","1"
"Pisticci","p-Xilene","µg/m≥","03/03/2021","07","0.030","1"
"Pisticci","p-Xilene","µg/m≥","03/03/2021","08","0.040","1"
"Pisticci","p-Xilene","µg/m≥","03/03/2021","09","0.030","1"
"Pisticci","p-Xilene","µg/m≥","03/03/2021","10","0.030","1"
"Pisticci","p-Xilene","µg/m≥","03/03/2021","11","0.170","1"
"Pisticci","p-Xilene","µg/m≥","03/03/2021","12","0.290","1"
"Pisticci","p-Xilene","µg/m≥","03/03/2021","13","0.000","1"
"Pisticci","p-Xilene","µg/m≥","03/03/2021","14","0.000","1"
"Pisticci","p-Xilene","µg/m≥","03/03/2021","15","0.000","1"
"Pisticci","p-Xilene","µg/m≥","03/03/2021","16","0.000","1"
"Pisticci","p-Xilene","µg/m≥","03/03/2021","17","0.000","1"
"Pisticci","p-Xilene","µg/m≥","03/03/2021","18","0.000","1"
"Pisticci","p-Xilene","µg/m≥","03/03/2021","19","0.150","1"
"Pisticci","p-Xilene","µg/m≥","03/03/2021","20","0.270","1"
"Pisticci","p-Xilene","µg/m≥","03/03/2021","21","0.120","1"
"Pisticci","p-Xilene","µg/m≥","03/03/2021","22","0.170","1"
"Pisticci","p-Xilene","µg/m≥","03/03/2021","23","0.040","1"
"Pisticci","p-Xilene","µg/m≥","03/03/2021","24","0.070","1"
"Pisticci","p-Xilene","µg/m≥","04/03/2021","01","0.070","1"
"Pisticci","p-Xilene","µg/m≥","04/03/2021","02","0.040","1"
"Pisticci","p-Xilene","µg/m≥","04/03/2021","03","0.030","1"
"Pisticci","p-Xilene","µg/m≥","04/03/2021","04","0.030","1"
"Pisticci","p-Xilene","µg/m≥","04/03/2021","05","0.030","1"
"Pisticci","p-Xilene","µg/m≥","04/03/2021","06","0.010","1"
"Pisticci","p-Xilene","µg/m≥","04/03/2021","07","0.010","1"
"Pisticci","p-Xilene","µg/m≥","04/03/2021","08","0.010","1"
"Pisticci","p-Xilene","µg/m≥","04/03/2021","09","0.040","1"
"Pisticci","p-Xilene","µg/m≥","04/03/2021","10","0.020","1"
"Pisticci","p-Xilene","µg/m≥","04/03/2021","11","0.020","1"
"Pisticci","p-Xilene","µg/m≥","04/03/2021","12","0.040","1"
"Pisticci","p-Xilene","µg/m≥","04/03/2021","13","0.000","1"
"Pisticci","p-Xilene","µg/m≥","04/03/2021","14","0.000","1"
"Pisticci","p-Xilene","µg/m≥","04/03/2021","15","0.000","1"
"Pisticci","p-Xilene","µg/m≥","04/03/2021","16","0.000","1"
"Pisticci","p-Xilene","µg/m≥","04/03/2021","17","0.000","1"
"Pisticci","p-Xilene","µg/m≥","04/03/2021","18","0.000","1"
"Pisticci","p-Xilene","µg/m≥","04/03/2021","19","0.000","1"
"Pisticci","p-Xilene","µg/m≥","04/03/2021","20","0.000","1"
"Pisticci","p-Xilene","µg/m≥","04/03/2021","21","0.050","1"
"Pisticci","p-Xilene","µg/m≥","04/03/2021","22","0.110","1"
"Pisticci","p-Xilene","µg/m≥","04/03/2021","23","0.070","1"
"Pisticci","p-Xilene","µg/m≥","04/03/2021","24","0.020","1"
"Pisticci","p-Xilene","µg/m≥","05/03/2021","01","0.070","1"
"Pisticci","p-Xilene","µg/m≥","05/03/2021","02","0.040","1"
"Pisticci","p-Xilene","µg/m≥","05/03/2021","03","0.030","1"
"Pisticci","p-Xilene","µg/m≥","05/03/2021","04","0.100","1"
"Pisticci","p-Xilene","µg/m≥","05/03/2021","05","0.020","1"
"Pisticci","p-Xilene","µg/m≥","05/03/2021","06","0.040","1"
"Pisticci","p-Xilene","µg/m≥","05/03/2021","07","0.030","1"
"Pisticci","p-Xilene","µg/m≥","05/03/2021","08","0.020","1"
"Pisticci","p-Xilene","µg/m≥","05/03/2021","09","0.050","1"
"Pisticci","p-Xilene","µg/m≥","05/03/2021","10","0.270","1"
"Pisticci","p-Xilene","µg/m≥","05/03/2021","11","0.040","1"
"Pisticci","p-Xilene","µg/m≥","05/03/2021","12","0.080","1"
"Pisticci","p-Xilene","µg/m≥","05/03/2021","13","0.150","1"
"Pisticci","p-Xilene","µg/m≥","05/03/2021","14","0.100","1"
"Pisticci","p-Xilene","µg/m≥","05/03/2021","15","0.020","1"
"Pisticci","p-Xilene","µg/m≥","05/03/2021","16","0.040","1"
"Pisticci","p-Xilene","µg/m≥","05/03/2021","17","0.060","1"
"Pisticci","p-Xilene","µg/m≥","05/03/2021","18","0.040","1"
"Pisticci","p-Xilene","µg/m≥","05/03/2021","19","0.050","1"
"Pisticci","p-Xilene","µg/m≥","05/03/2021","20","0.120","1"
"Pisticci","p-Xilene","µg/m≥","05/03/2021","21","0.080","1"
"Pisticci","p-Xilene","µg/m≥","05/03/2021","22","0.100","1"
"Pisticci","p-Xilene","µg/m≥","05/03/2021","23","0.060","1"
"Pisticci","p-Xilene","µg/m≥","05/03/2021","24","0.160","1"
"Pisticci","p-Xilene","µg/m≥","06/03/2021","01","0.040","1"
"Pisticci","p-Xilene","µg/m≥","06/03/2021","02","0.030","1"
"Pisticci","p-Xilene","µg/m≥","06/03/2021","03","0.040","1"
"Pisticci","p-Xilene","µg/m≥","06/03/2021","04","0.060","1"
"Pisticci","p-Xilene","µg/m≥","06/03/2021","05","0.080","1"
"Pisticci","p-Xilene","µg/m≥","06/03/2021","06","0.030","1"
"Pisticci","p-Xilene","µg/m≥","06/03/2021","07","0.030","1"
"Pisticci","p-Xilene","µg/m≥","06/03/2021","08","0.050","1"
"Pisticci","p-Xilene","µg/m≥","06/03/2021","09","0.030","1"
"Pisticci","p-Xilene","µg/m≥","06/03/2021","10","0.270","1"
"Pisticci","p-Xilene","µg/m≥","06/03/2021","11","0.220","1"
"Pisticci","p-Xilene","µg/m≥","06/03/2021","12","0.030","1"
"Pisticci","p-Xilene","µg/m≥","06/03/2021","13","0.140","1"
"Pisticci","p-Xilene","µg/m≥","06/03/2021","14","0.080","1"
"Pisticci","p-Xilene","µg/m≥","06/03/2021","15","0.010","1"
"Pisticci","p-Xilene","µg/m≥","06/03/2021","16","0.010","1"
"Pisticci","p-Xilene","µg/m≥","06/03/2021","17","0.000","1"
"Pisticci","p-Xilene","µg/m≥","06/03/2021","18","0.020","1"
"Pisticci","p-Xilene","µg/m≥","06/03/2021","19","0.030","1"
"Pisticci","p-Xilene","µg/m≥","06/03/2021","20","0.020","1"
"Pisticci","p-Xilene","µg/m≥","06/03/2021","21","0.010","1"
"Pisticci","p-Xilene","µg/m≥","06/03/2021","22","0.010","1"
"Pisticci","p-Xilene","µg/m≥","06/03/2021","23","0.020","1"
"Pisticci","p-Xilene","µg/m≥","06/03/2021","24","0.010","1"
"Pisticci","p-Xilene","µg/m≥","07/03/2021","01","0.040","1"
"Pisticci","p-Xilene","µg/m≥","07/03/2021","02","0.010","1"
"Pisticci","p-Xilene","µg/m≥","07/03/2021","03","0.020","1"
"Pisticci","p-Xilene","µg/m≥","07/03/2021","04","0.020","1"
"Pisticci","p-Xilene","µg/m≥","07/03/2021","05","0.050","1"
"Pisticci","p-Xilene","µg/m≥","07/03/2021","06","0.020","1"
"Pisticci","p-Xilene","µg/m≥","07/03/2021","07","0.020","1"
"Pisticci","p-Xilene","µg/m≥","07/03/2021","08","0.010","1"
"Pisticci","p-Xilene","µg/m≥","07/03/2021","09","0.020","1"
"Pisticci","p-Xilene","µg/m≥","07/03/2021","10","0.050","1"
"Pisticci","p-Xilene","µg/m≥","07/03/2021","11","0.040","1"
"Pisticci","p-Xilene","µg/m≥","07/03/2021","12","0.010","1"
"Pisticci","p-Xilene","µg/m≥","07/03/2021","13","0.020","1"
"Pisticci","p-Xilene","µg/m≥","07/03/2021","14","0.030","1"
"Pisticci","p-Xilene","µg/m≥","07/03/2021","15","0.010","1"
"Pisticci","p-Xilene","µg/m≥","07/03/2021","16","0.010","1"
"Pisticci","p-Xilene","µg/m≥","07/03/2021","17","0.010","1"
"Pisticci","p-Xilene","µg/m≥","07/03/2021","18","0.050","1"
"Pisticci","p-Xilene","µg/m≥","07/03/2021","19","0.060","1"
"Pisticci","p-Xilene","µg/m≥","07/03/2021","20","0.040","1"
"Pisticci","p-Xilene","µg/m≥","07/03/2021","21","0.020","1"
"Pisticci","p-Xilene","µg/m≥","07/03/2021","22","0.020","1"
"Pisticci","p-Xilene","µg/m≥","07/03/2021","23","0.030","1"
"Pisticci","p-Xilene","µg/m≥","07/03/2021","24","0.050","1"
"Pisticci","p-Xilene","µg/m≥","08/03/2021","01","0.020","1"
"Pisticci","p-Xilene","µg/m≥","08/03/2021","02","0.080","1"
"Pisticci","p-Xilene","µg/m≥","08/03/2021","03","0.030","1"
"Pisticci","p-Xilene","µg/m≥","08/03/2021","04","0.080","1"
"Pisticci","p-Xilene","µg/m≥","08/03/2021","05","0.060","1"
"Pisticci","p-Xilene","µg/m≥","08/03/2021","06","0.040","1"
"Pisticci","p-Xilene","µg/m≥","08/03/2021","07","0.020","1"
"Pisticci","p-Xilene","µg/m≥","08/03/2021","08","0.070","1"
"Pisticci","p-Xilene","µg/m≥","08/03/2021","09","0.040","1"
"Pisticci","p-Xilene","µg/m≥","08/03/2021","10","0.060","1"
"Pisticci","p-Xilene","µg/m≥","08/03/2021","11","0.060","1"
"Pisticci","p-Xilene","µg/m≥","08/03/2021","12","0.020","1"
"Pisticci","p-Xilene","µg/m≥","08/03/2021","13","0.040","1"
"Pisticci","p-Xilene","µg/m≥","08/03/2021","14","0.020","1"
"Pisticci","p-Xilene","µg/m≥","08/03/2021","15","0.000","1"
"Pisticci","p-Xilene","µg/m≥","08/03/2021","16","0.010","1"
"Pisticci","p-Xilene","µg/m≥","08/03/2021","17","0.010","1"
"Pisticci","p-Xilene","µg/m≥","08/03/2021","18","0.040","1"
"Pisticci","p-Xilene","µg/m≥","08/03/2021","19","0.010","1"
"Pisticci","p-Xilene","µg/m≥","08/03/2021","20","0.060","1"
"Pisticci","p-Xilene","µg/m≥","08/03/2021","21","0.060","1"
"Pisticci","p-Xilene","µg/m≥","08/03/2021","22","0.050","1"
"Pisticci","p-Xilene","µg/m≥","08/03/2021","23","0.120","1"
"Pisticci","p-Xilene","µg/m≥","08/03/2021","24","0.220","1"
"Pisticci","p-Xilene","µg/m≥","09/03/2021","01","0.140","1"
"Pisticci","p-Xilene","µg/m≥","09/03/2021","02","0.200","1"
"Pisticci","p-Xilene","µg/m≥","09/03/2021","03","0.100","1"
"Pisticci","p-Xilene","µg/m≥","09/03/2021","04","0.150","1"
"Pisticci","p-Xilene","µg/m≥","09/03/2021","05","0.140","1"
"Pisticci","p-Xilene","µg/m≥","09/03/2021","06","0.110","1"
"Pisticci","p-Xilene","µg/m≥","09/03/2021","07","0.070","1"
"Pisticci","p-Xilene","µg/m≥","09/03/2021","08","0.090","1"
"Pisticci","p-Xilene","µg/m≥","09/03/2021","09","0.090","1"
"Pisticci","p-Xilene","µg/m≥","09/03/2021","10","0.140","1"
"Pisticci","p-Xilene","µg/m≥","09/03/2021","11","0.110","1"
"Pisticci","p-Xilene","µg/m≥","09/03/2021","12","0.010","1"
"Pisticci","p-Xilene","µg/m≥","09/03/2021","13","0.040","1"
"Pisticci","p-Xilene","µg/m≥","09/03/2021","14","0.010","1"
"Pisticci","p-Xilene","µg/m≥","09/03/2021","15","0.340","1"
"Pisticci","p-Xilene","µg/m≥","09/03/2021","16","0.020","1"
"Pisticci","p-Xilene","µg/m≥","09/03/2021","17","0.030","1"
"Pisticci","p-Xilene","µg/m≥","09/03/2021","18","0.030","1"
"Pisticci","p-Xilene","µg/m≥","09/03/2021","19","0.060","1"
"Pisticci","p-Xilene","µg/m≥","09/03/2021","20","0.010","1"
"Pisticci","p-Xilene","µg/m≥","09/03/2021","21","0.100","1"
"Pisticci","p-Xilene","µg/m≥","09/03/2021","22","0.110","1"
"Pisticci","p-Xilene","µg/m≥","09/03/2021","23","0.120","1"
"Pisticci","p-Xilene","µg/m≥","09/03/2021","24","0.070","1"
"Pisticci","p-Xilene","µg/m≥","10/03/2021","01","0.040","1"
"Pisticci","p-Xilene","µg/m≥","10/03/2021","02","0.030","1"
"Pisticci","p-Xilene","µg/m≥","10/03/2021","03","0.020","1"
"Pisticci","p-Xilene","µg/m≥","10/03/2021","04","0.020","1"
"Pisticci","p-Xilene","µg/m≥","10/03/2021","05","0.020","1"
"Pisticci","p-Xilene","µg/m≥","10/03/2021","06","0.120","1"
"Pisticci","p-Xilene","µg/m≥","10/03/2021","07","0.100","1"
"Pisticci","p-Xilene","µg/m≥","10/03/2021","08","0.070","1"
"Pisticci","p-Xilene","µg/m≥","10/03/2021","09","0.030","1"
"Pisticci","p-Xilene","µg/m≥","10/03/2021","10","0.100","1"
"Pisticci","p-Xilene","µg/m≥","10/03/2021","11","0.100","1"
"Pisticci","p-Xilene","µg/m≥","10/03/2021","12","0.140","1"
"Pisticci","p-Xilene","µg/m≥","10/03/2021","13","0.030","1"
"Pisticci","p-Xilene","µg/m≥","10/03/2021","14","0.030","1"
"Pisticci","p-Xilene","µg/m≥","10/03/2021","15","0.020","1"
"Pisticci","p-Xilene","µg/m≥","10/03/2021","16","0.020","1"
"Pisticci","p-Xilene","µg/m≥","10/03/2021","17","0.020","1"
"Pisticci","p-Xilene","µg/m≥","10/03/2021","18","0.030","1"
"Pisticci","p-Xilene","µg/m≥","10/03/2021","19","0.020","1"
"Pisticci","p-Xilene","µg/m≥","10/03/2021","20","0.040","1"
"Pisticci","p-Xilene","µg/m≥","10/03/2021","21","0.050","1"
"Pisticci","p-Xilene","µg/m≥","10/03/2021","22","0.030","1"
"Pisticci","p-Xilene","µg/m≥","10/03/2021","23","0.060","1"
"Pisticci","p-Xilene","µg/m≥","10/03/2021","24","0.020","1"
"Pisticci","p-Xilene","µg/m≥","11/03/2021","01","0.030","1"
"Pisticci","p-Xilene","µg/m≥","11/03/2021","02","0.020","1"
"Pisticci","p-Xilene","µg/m≥","11/03/2021","03","0.040","1"
"Pisticci","p-Xilene","µg/m≥","11/03/2021","04","0.020","1"
"Pisticci","p-Xilene","µg/m≥","11/03/2021","05","0.010","1"
"Pisticci","p-Xilene","µg/m≥","11/03/2021","06","0.080","1"
"Pisticci","p-Xilene","µg/m≥","11/03/2021","07","0.100","1"
"Pisticci","p-Xilene","µg/m≥","11/03/2021","08","0.020","1"
"Pisticci","p-Xilene","µg/m≥","11/03/2021","09","0.130","1"
"Pisticci","p-Xilene","µg/m≥","11/03/2021","10","0.060","1"
"Pisticci","p-Xilene","µg/m≥","11/03/2021","11","0.010","1"
"Pisticci","p-Xilene","µg/m≥","11/03/2021","12","0.020","1"
"Pisticci","p-Xilene","µg/m≥","11/03/2021","13","0.030","1"
"Pisticci","p-Xilene","µg/m≥","11/03/2021","14","0.020","1"
"Pisticci","p-Xilene","µg/m≥","11/03/2021","15","0.010","1"
"Pisticci","p-Xilene","µg/m≥","11/03/2021","16","0.010","1"
"Pisticci","p-Xilene","µg/m≥","11/03/2021","17","0.010","1"
"Pisticci","p-Xilene","µg/m≥","11/03/2021","18","0.030","1"
"Pisticci","p-Xilene","µg/m≥","11/03/2021","19","0.030","1"
"Pisticci","p-Xilene","µg/m≥","11/03/2021","20","0.020","1"
"Pisticci","p-Xilene","µg/m≥","11/03/2021","21","0.070","1"
"Pisticci","p-Xilene","µg/m≥","11/03/2021","22","0.250","1"
"Pisticci","p-Xilene","µg/m≥","11/03/2021","23","0.020","1"
"Pisticci","p-Xilene","µg/m≥","11/03/2021","24","0.150","1"
"Pisticci","p-Xilene","µg/m≥","12/03/2021","01","0.020","1"
"Pisticci","p-Xilene","µg/m≥","12/03/2021","02","0.040","1"
"Pisticci","p-Xilene","µg/m≥","12/03/2021","03","0.050","1"
"Pisticci","p-Xilene","µg/m≥","12/03/2021","04","0.040","1"
"Pisticci","p-Xilene","µg/m≥","12/03/2021","05","0.040","1"
"Pisticci","p-Xilene","µg/m≥","12/03/2021","06","0.020","1"
"Pisticci","p-Xilene","µg/m≥","12/03/2021","07","0.160","1"
"Pisticci","p-Xilene","µg/m≥","12/03/2021","08","0.230","1"
"Pisticci","p-Xilene","µg/m≥","12/03/2021","09","0.250","1"
"Pisticci","p-Xilene","µg/m≥","12/03/2021","10","0.040","1"
"Pisticci","p-Xilene","µg/m≥","12/03/2021","11","0.210","1"
"Pisticci","p-Xilene","µg/m≥","12/03/2021","12","0.170","1"
"Pisticci","p-Xilene","µg/m≥","12/03/2021","13","0.320","1"
"Pisticci","p-Xilene","µg/m≥","12/03/2021","14","0.050","1"
"Pisticci","p-Xilene","µg/m≥","12/03/2021","15","0.020","1"
"Pisticci","p-Xilene","µg/m≥","12/03/2021","16","0.010","1"
"Pisticci","p-Xilene","µg/m≥","12/03/2021","17","0.030","1"
"Pisticci","p-Xilene","µg/m≥","12/03/2021","18","0.120","1"
"Pisticci","p-Xilene","µg/m≥","12/03/2021","19","0.110","1"
"Pisticci","p-Xilene","µg/m≥","12/03/2021","20","0.020","1"
"Pisticci","p-Xilene","µg/m≥","12/03/2021","21","0.090","1"
"Pisticci","p-Xilene","µg/m≥","12/03/2021","22","0.060","1"
"Pisticci","p-Xilene","µg/m≥","12/03/2021","23","0.040","1"
"Pisticci","p-Xilene","µg/m≥","12/03/2021","24","0.020","1"
"Pisticci","p-Xilene","µg/m≥","13/03/2021","01","0.030","1"
"Pisticci","p-Xilene","µg/m≥","13/03/2021","02","0.190","1"
"Pisticci","p-Xilene","µg/m≥","13/03/2021","03","0.140","1"
"Pisticci","p-Xilene","µg/m≥","13/03/2021","04","0.050","1"
"Pisticci","p-Xilene","µg/m≥","13/03/2021","05","0.160","1"
"Pisticci","p-Xilene","µg/m≥","13/03/2021","06","0.120","1"
"Pisticci","p-Xilene","µg/m≥","13/03/2021","07","0.080","1"
"Pisticci","p-Xilene","µg/m≥","13/03/2021","08","0.080","1"
"Pisticci","p-Xilene","µg/m≥","13/03/2021","09","0.030","1"
"Pisticci","p-Xilene","µg/m≥","13/03/2021","10","0.100","1"
"Pisticci","p-Xilene","µg/m≥","13/03/2021","11","0.250","1"
"Pisticci","p-Xilene","µg/m≥","13/03/2021","12","0.210","1"
"Pisticci","p-Xilene","µg/m≥","13/03/2021","13","0.120","1"
"Pisticci","p-Xilene","µg/m≥","13/03/2021","14","0.110","1"
"Pisticci","p-Xilene","µg/m≥","13/03/2021","15","0.030","1"
"Pisticci","p-Xilene","µg/m≥","13/03/2021","16","0.040","1"
"Pisticci","p-Xilene","µg/m≥","13/03/2021","17","0.010","1"
"Pisticci","p-Xilene","µg/m≥","13/03/2021","18","0.030","1"
"Pisticci","p-Xilene","µg/m≥","13/03/2021","19","0.040","1"
"Pisticci","p-Xilene","µg/m≥","13/03/2021","20","0.020","1"
"Pisticci","p-Xilene","µg/m≥","13/03/2021","21","0.110","1"
"Pisticci","p-Xilene","µg/m≥","13/03/2021","22","0.080","1"
"Pisticci","p-Xilene","µg/m≥","13/03/2021","23","0.080","1"
"Pisticci","p-Xilene","µg/m≥","13/03/2021","24","0.070","1"
"Pisticci","p-Xilene","µg/m≥","14/03/2021","01","0.070","1"
"Pisticci","p-Xilene","µg/m≥","14/03/2021","02","0.040","1"
"Pisticci","p-Xilene","µg/m≥","14/03/2021","03","0.030","1"
"Pisticci","p-Xilene","µg/m≥","14/03/2021","04","0.090","1"
"Pisticci","p-Xilene","µg/m≥","14/03/2021","05","0.120","1"
"Pisticci","p-Xilene","µg/m≥","14/03/2021","06","0.080","1"
"Pisticci","p-Xilene","µg/m≥","14/03/2021","07","0.100","1"
"Pisticci","p-Xilene","µg/m≥","14/03/2021","08","0.110","1"
"Pisticci","p-Xilene","µg/m≥","14/03/2021","09","0.120","1"
"Pisticci","p-Xilene","µg/m≥","14/03/2021","10","0.060","1"
"Pisticci","p-Xilene","µg/m≥","14/03/2021","11","0.030","1"
"Pisticci","p-Xilene","µg/m≥","14/03/2021","12","0.020","1"
"Pisticci","p-Xilene","µg/m≥","14/03/2021","13","0.010","1"
"Pisticci","p-Xilene","µg/m≥","14/03/2021","14","0.010","1"
"Pisticci","p-Xilene","µg/m≥","14/03/2021","15","0.010","1"
"Pisticci","p-Xilene","µg/m≥","14/03/2021","16","0.010","1"
"Pisticci","p-Xilene","µg/m≥","14/03/2021","17","0.010","1"
"Pisticci","p-Xilene","µg/m≥","14/03/2021","18","0.010","1"
"Pisticci","p-Xilene","µg/m≥","14/03/2021","19","0.020","1"
"Pisticci","p-Xilene","µg/m≥","14/03/2021","20","0.010","1"
"Pisticci","p-Xilene","µg/m≥","14/03/2021","21","0.010","1"
"Pisticci","p-Xilene","µg/m≥","14/03/2021","22","0.020","1"
"Pisticci","p-Xilene","µg/m≥","14/03/2021","23","0.020","1"
"Pisticci","p-Xilene","µg/m≥","14/03/2021","24","0.010","1"
"Pisticci","p-Xilene","µg/m≥","15/03/2021","01","0.010","1"
"Pisticci","p-Xilene","µg/m≥","15/03/2021","02","0.010","1"
"Pisticci","p-Xilene","µg/m≥","15/03/2021","03","0.010","1"
"Pisticci","p-Xilene","µg/m≥","15/03/2021","04","0.020","1"
"Pisticci","p-Xilene","µg/m≥","15/03/2021","05","0.010","1"
"Pisticci","p-Xilene","µg/m≥","15/03/2021","06","0.010","1"
"Pisticci","p-Xilene","µg/m≥","15/03/2021","07","0.010","1"
"Pisticci","p-Xilene","µg/m≥","15/03/2021","08","0.010","1"
"Pisticci","p-Xilene","µg/m≥","15/03/2021","09","0.010","1"
"Pisticci","p-Xilene","µg/m≥","15/03/2021","10","0.010","1"
"Pisticci","p-Xilene","µg/m≥","15/03/2021","11","0.020","1"
"Pisticci","p-Xilene","µg/m≥","15/03/2021","12","0.010","1"
"Pisticci","p-Xilene","µg/m≥","15/03/2021","13","0.010","1"
"Pisticci","p-Xilene","µg/m≥","15/03/2021","14","0.010","1"
"Pisticci","p-Xilene","µg/m≥","15/03/2021","15","0.010","1"
"Pisticci","p-Xilene","µg/m≥","15/03/2021","16","0.030","1"
"Pisticci","p-Xilene","µg/m≥","15/03/2021","17","0.010","1"
"Pisticci","p-Xilene","µg/m≥","15/03/2021","18","0.010","1"
"Pisticci","p-Xilene","µg/m≥","15/03/2021","19","0.020","1"
"Pisticci","p-Xilene","µg/m≥","15/03/2021","20","0.010","1"
"Pisticci","p-Xilene","µg/m≥","15/03/2021","21","0.060","1"
"Pisticci","p-Xilene","µg/m≥","15/03/2021","22","0.070","1"
"Pisticci","p-Xilene","µg/m≥","15/03/2021","23","0.050","1"
"Pisticci","p-Xilene","µg/m≥","15/03/2021","24","0.260","1"
"Pisticci","p-Xilene","µg/m≥","16/03/2021","01","0.070","1"
"Pisticci","p-Xilene","µg/m≥","16/03/2021","02","0.070","1"
"Pisticci","p-Xilene","µg/m≥","16/03/2021","03","0.030","1"
"Pisticci","p-Xilene","µg/m≥","16/03/2021","04","0.080","1"
"Pisticci","p-Xilene","µg/m≥","16/03/2021","05","0.060","1"
"Pisticci","p-Xilene","µg/m≥","16/03/2021","06","0.030","1"
"Pisticci","p-Xilene","µg/m≥","16/03/2021","07","0.020","1"
"Pisticci","p-Xilene","µg/m≥","16/03/2021","08","0.100","1"
"Pisticci","p-Xilene","µg/m≥","16/03/2021","09","0.130","1"
"Pisticci","p-Xilene","µg/m≥","16/03/2021","10","0.060","1"
"Pisticci","p-Xilene","µg/m≥","16/03/2021","11","0.040","1"
"Pisticci","p-Xilene","µg/m≥","16/03/2021","12","0.030","1"
"Pisticci","p-Xilene","µg/m≥","16/03/2021","13","0.020","1"
"Pisticci","p-Xilene","µg/m≥","16/03/2021","14","0.010","1"
"Pisticci","p-Xilene","µg/m≥","16/03/2021","15","0.010","1"
"Pisticci","p-Xilene","µg/m≥","16/03/2021","16","0.010","1"
"Pisticci","p-Xilene","µg/m≥","16/03/2021","17","0.020","1"
"Pisticci","p-Xilene","µg/m≥","16/03/2021","18","0.020","1"
"Pisticci","p-Xilene","µg/m≥","16/03/2021","19","0.020","1"
"Pisticci","p-Xilene","µg/m≥","16/03/2021","20","0.040","1"
"Pisticci","p-Xilene","µg/m≥","16/03/2021","21","0.050","1"
"Pisticci","p-Xilene","µg/m≥","16/03/2021","22","0.040","1"
"Pisticci","p-Xilene","µg/m≥","16/03/2021","23","0.030","1"
"Pisticci","p-Xilene","µg/m≥","16/03/2021","24","0.030","1"
"Pisticci","p-Xilene","µg/m≥","17/03/2021","01","0.030","1"
"Pisticci","p-Xilene","µg/m≥","17/03/2021","02","0.040","1"
"Pisticci","p-Xilene","µg/m≥","17/03/2021","03","0.040","1"
"Pisticci","p-Xilene","µg/m≥","17/03/2021","04","0.020","1"
"Pisticci","p-Xilene","µg/m≥","17/03/2021","05","0.040","1"
"Pisticci","p-Xilene","µg/m≥","17/03/2021","06","0.020","1"
"Pisticci","p-Xilene","µg/m≥","17/03/2021","07","0.020","1"
"Pisticci","p-Xilene","µg/m≥","17/03/2021","08","0.020","1"
"Pisticci","p-Xilene","µg/m≥","17/03/2021","09","0.010","1"
"Pisticci","p-Xilene","µg/m≥","17/03/2021","10","-9999","-1"
"Pisticci","p-Xilene","µg/m≥","17/03/2021","11","-9999","-1"
"Pisticci","p-Xilene","µg/m≥","17/03/2021","12","-9999","-1"
"Pisticci","p-Xilene","µg/m≥","17/03/2021","13","-9999","-1"
"Pisticci","p-Xilene","µg/m≥","17/03/2021","14","0.900","-1"
"Pisticci","p-Xilene","µg/m≥","17/03/2021","15","0.430","1"
"Pisticci","p-Xilene","µg/m≥","17/03/2021","16","0.030","1"
"Pisticci","p-Xilene","µg/m≥","17/03/2021","17","0.030","1"
"Pisticci","p-Xilene","µg/m≥","17/03/2021","18","0.020","1"
"Pisticci","p-Xilene","µg/m≥","17/03/2021","19","0.060","1"
"Pisticci","p-Xilene","µg/m≥","17/03/2021","20","0.080","1"
"Pisticci","p-Xilene","µg/m≥","17/03/2021","21","0.060","1"
"Pisticci","p-Xilene","µg/m≥","17/03/2021","22","0.030","1"
"Pisticci","p-Xilene","µg/m≥","17/03/2021","23","0.010","1"
"Pisticci","p-Xilene","µg/m≥","17/03/2021","24","0.100","1"
"Pisticci","p-Xilene","µg/m≥","18/03/2021","01","0.110","1"
"Pisticci","p-Xilene","µg/m≥","18/03/2021","02","0.040","1"
"Pisticci","p-Xilene","µg/m≥","18/03/2021","03","0.030","1"
"Pisticci","p-Xilene","µg/m≥","18/03/2021","04","0.070","1"
"Pisticci","p-Xilene","µg/m≥","18/03/2021","05","0.040","1"
"Pisticci","p-Xilene","µg/m≥","18/03/2021","06","0.010","1"
"Pisticci","p-Xilene","µg/m≥","18/03/2021","07","0.050","1"
"Pisticci","p-Xilene","µg/m≥","18/03/2021","08","0.140","1"
"Pisticci","p-Xilene","µg/m≥","18/03/2021","09","0.110","1"
"Pisticci","p-Xilene","µg/m≥","18/03/2021","10","0.030","1"
"Pisticci","p-Xilene","µg/m≥","18/03/2021","11","0.030","1"
"Pisticci","p-Xilene","µg/m≥","18/03/2021","12","0.040","1"
"Pisticci","p-Xilene","µg/m≥","18/03/2021","13","0.010","1"
"Pisticci","p-Xilene","µg/m≥","18/03/2021","14","0.030","1"
"Pisticci","p-Xilene","µg/m≥","18/03/2021","15","0.010","1"
"Pisticci","p-Xilene","µg/m≥","18/03/2021","16","0.040","1"
"Pisticci","p-Xilene","µg/m≥","18/03/2021","17","0.070","1"
"Pisticci","p-Xilene","µg/m≥","18/03/2021","18","0.020","1"
"Pisticci","p-Xilene","µg/m≥","18/03/2021","19","0.080","1"
"Pisticci","p-Xilene","µg/m≥","18/03/2021","20","0.100","1"
"Pisticci","p-Xilene","µg/m≥","18/03/2021","21","0.160","1"
"Pisticci","p-Xilene","µg/m≥","18/03/2021","22","0.090","1"
"Pisticci","p-Xilene","µg/m≥","18/03/2021","23","0.010","1"
"Pisticci","p-Xilene","µg/m≥","18/03/2021","24","0.080","1"
"Pisticci","p-Xilene","µg/m≥","19/03/2021","01","0.020","1"
"Pisticci","p-Xilene","µg/m≥","19/03/2021","02","0.090","1"
"Pisticci","p-Xilene","µg/m≥","19/03/2021","03","0.080","1"
"Pisticci","p-Xilene","µg/m≥","19/03/2021","04","0.040","1"
"Pisticci","p-Xilene","µg/m≥","19/03/2021","05","0.010","1"
"Pisticci","p-Xilene","µg/m≥","19/03/2021","06","0.020","1"
"Pisticci","p-Xilene","µg/m≥","19/03/2021","07","0.010","1"
"Pisticci","p-Xilene","µg/m≥","19/03/2021","08","0.010","1"
"Pisticci","p-Xilene","µg/m≥","19/03/2021","09","0.050","1"
"Pisticci","p-Xilene","µg/m≥","19/03/2021","10","-9999","-1"
"Pisticci","p-Xilene","µg/m≥","19/03/2021","11","1.980","1"
"Pisticci","p-Xilene","µg/m≥","19/03/2021","12","0.860","1"
"Pisticci","p-Xilene","µg/m≥","19/03/2021","13","0.210","1"
"Pisticci","p-Xilene","µg/m≥","19/03/2021","14","0.030","1"
"Pisticci","p-Xilene","µg/m≥","19/03/2021","15","0.020","1"
"Pisticci","p-Xilene","µg/m≥","19/03/2021","16","0.030","1"
"Pisticci","p-Xilene","µg/m≥","19/03/2021","17","0.040","1"
"Pisticci","p-Xilene","µg/m≥","19/03/2021","18","0.030","1"
"Pisticci","p-Xilene","µg/m≥","19/03/2021","19","0.070","1"
"Pisticci","p-Xilene","µg/m≥","19/03/2021","20","0.040","1"
"Pisticci","p-Xilene","µg/m≥","19/03/2021","21","0.030","1"
"Pisticci","p-Xilene","µg/m≥","19/03/2021","22","0.060","1"
"Pisticci","p-Xilene","µg/m≥","19/03/2021","23","0.040","1"
"Pisticci","p-Xilene","µg/m≥","19/03/2021","24","0.120","1"
"Pisticci","p-Xilene","µg/m≥","20/03/2021","01","0.110","1"
"Pisticci","p-Xilene","µg/m≥","20/03/2021","02","0.020","1"
"Pisticci","p-Xilene","µg/m≥","20/03/2021","03","0.030","1"
"Pisticci","p-Xilene","µg/m≥","20/03/2021","04","0.020","1"
"Pisticci","p-Xilene","µg/m≥","20/03/2021","05","0.020","1"
"Pisticci","p-Xilene","µg/m≥","20/03/2021","06","0.030","1"
"Pisticci","p-Xilene","µg/m≥","20/03/2021","07","0.030","1"
"Pisticci","p-Xilene","µg/m≥","20/03/2021","08","0.010","1"
"Pisticci","p-Xilene","µg/m≥","20/03/2021","09","0.020","1"
"Pisticci","p-Xilene","µg/m≥","20/03/2021","10","0.030","1"
"Pisticci","p-Xilene","µg/m≥","20/03/2021","11","0.010","1"
"Pisticci","p-Xilene","µg/m≥","20/03/2021","12","0.010","1"
"Pisticci","p-Xilene","µg/m≥","20/03/2021","13","0.030","1"
"Pisticci","p-Xilene","µg/m≥","20/03/2021","14","0.010","1"
"Pisticci","p-Xilene","µg/m≥","20/03/2021","15","0.020","1"
"Pisticci","p-Xilene","µg/m≥","20/03/2021","16","0.010","1"
"Pisticci","p-Xilene","µg/m≥","20/03/2021","17","0.030","1"
"Pisticci","p-Xilene","µg/m≥","20/03/2021","18","0.020","1"
"Pisticci","p-Xilene","µg/m≥","20/03/2021","19","0.040","1"
"Pisticci","p-Xilene","µg/m≥","20/03/2021","20","0.030","1"
"Pisticci","p-Xilene","µg/m≥","20/03/2021","21","0.030","1"
"Pisticci","p-Xilene","µg/m≥","20/03/2021","22","0.020","1"
"Pisticci","p-Xilene","µg/m≥","20/03/2021","23","0.030","1"
"Pisticci","p-Xilene","µg/m≥","20/03/2021","24","0.010","1"
"Pisticci","p-Xilene","µg/m≥","21/03/2021","01","0.020","1"
"Pisticci","p-Xilene","µg/m≥","21/03/2021","02","0.020","1"
"Pisticci","p-Xilene","µg/m≥","21/03/2021","03","0.020","1"
"Pisticci","p-Xilene","µg/m≥","21/03/2021","04","0.020","1"
"Pisticci","p-Xilene","µg/m≥","21/03/2021","05","0.020","1"
"Pisticci","p-Xilene","µg/m≥","21/03/2021","06","0.020","1"
"Pisticci","p-Xilene","µg/m≥","21/03/2021","07","0.020","1"
"Pisticci","p-Xilene","µg/m≥","21/03/2021","08","0.020","1"
"Pisticci","p-Xilene","µg/m≥","21/03/2021","09","0.060","1"
"Pisticci","p-Xilene","µg/m≥","21/03/2021","10","0.020","1"
"Pisticci","p-Xilene","µg/m≥","21/03/2021","11","0.020","1"
"Pisticci","p-Xilene","µg/m≥","21/03/2021","12","0.020","1"
"Pisticci","p-Xilene","µg/m≥","21/03/2021","13","0.020","1"
"Pisticci","p-Xilene","µg/m≥","21/03/2021","14","0.020","1"
"Pisticci","p-Xilene","µg/m≥","21/03/2021","15","0.020","1"
"Pisticci","p-Xilene","µg/m≥","21/03/2021","16","0.020","1"
"Pisticci","p-Xilene","µg/m≥","21/03/2021","17","0.030","1"
"Pisticci","p-Xilene","µg/m≥","21/03/2021","18","0.020","1"
"Pisticci","p-Xilene","µg/m≥","21/03/2021","19","0.030","1"
"Pisticci","p-Xilene","µg/m≥","21/03/2021","20","0.010","1"
"Pisticci","p-Xilene","µg/m≥","21/03/2021","21","0.030","1"
"Pisticci","p-Xilene","µg/m≥","21/03/2021","22","0.030","1"
"Pisticci","p-Xilene","µg/m≥","21/03/2021","23","0.020","1"
"Pisticci","p-Xilene","µg/m≥","21/03/2021","24","0.010","1"
"Pisticci","p-Xilene","µg/m≥","22/03/2021","01","0.020","1"
"Pisticci","p-Xilene","µg/m≥","22/03/2021","02","0.020","1"
"Pisticci","p-Xilene","µg/m≥","22/03/2021","03","0.020","1"
"Pisticci","p-Xilene","µg/m≥","22/03/2021","04","0.040","1"
"Pisticci","p-Xilene","µg/m≥","22/03/2021","05","0.030","1"
"Pisticci","p-Xilene","µg/m≥","22/03/2021","06","0.040","1"
"Pisticci","p-Xilene","µg/m≥","22/03/2021","07","0.030","1"
"Pisticci","p-Xilene","µg/m≥","22/03/2021","08","0.020","1"
"Pisticci","p-Xilene","µg/m≥","22/03/2021","09","0.020","1"
"Pisticci","p-Xilene","µg/m≥","22/03/2021","10","0.020","1"
"Pisticci","p-Xilene","µg/m≥","22/03/2021","11","0.020","1"
"Pisticci","p-Xilene","µg/m≥","22/03/2021","12","0.020","1"
"Pisticci","p-Xilene","µg/m≥","22/03/2021","13","0.040","1"
"Pisticci","p-Xilene","µg/m≥","22/03/2021","14","0.020","1"
"Pisticci","p-Xilene","µg/m≥","22/03/2021","15","0.030","1"
"Pisticci","p-Xilene","µg/m≥","22/03/2021","16","0.020","1"
"Pisticci","p-Xilene","µg/m≥","22/03/2021","17","0.020","1"
"Pisticci","p-Xilene","µg/m≥","22/03/2021","18","0.040","1"
"Pisticci","p-Xilene","µg/m≥","22/03/2021","19","0.020","1"
"Pisticci","p-Xilene","µg/m≥","22/03/2021","20","0.050","1"
"Pisticci","p-Xilene","µg/m≥","22/03/2021","21","0.050","1"
"Pisticci","p-Xilene","µg/m≥","22/03/2021","22","0.060","1"
"Pisticci","p-Xilene","µg/m≥","22/03/2021","23","0.020","1"
"Pisticci","p-Xilene","µg/m≥","22/03/2021","24","0.030","1"
"Pisticci","p-Xilene","µg/m≥","23/03/2021","01","0.040","1"
"Pisticci","p-Xilene","µg/m≥","23/03/2021","02","0.020","1"
"Pisticci","p-Xilene","µg/m≥","23/03/2021","03","0.040","1"
"Pisticci","p-Xilene","µg/m≥","23/03/2021","04","0.030","1"
"Pisticci","p-Xilene","µg/m≥","23/03/2021","05","0.020","1"
"Pisticci","p-Xilene","µg/m≥","23/03/2021","06","0.050","1"
"Pisticci","p-Xilene","µg/m≥","23/03/2021","07","0.020","1"
"Pisticci","p-Xilene","µg/m≥","23/03/2021","08","0.040","1"
"Pisticci","p-Xilene","µg/m≥","23/03/2021","09","0.030","1"
"Pisticci","p-Xilene","µg/m≥","23/03/2021","10","0.050","1"
"Pisticci","p-Xilene","µg/m≥","23/03/2021","11","0.030","1"
"Pisticci","p-Xilene","µg/m≥","23/03/2021","12","0.020","1"
"Pisticci","p-Xilene","µg/m≥","23/03/2021","13","0.040","1"
"Pisticci","p-Xilene","µg/m≥","23/03/2021","14","0.030","1"
"Pisticci","p-Xilene","µg/m≥","23/03/2021","15","0.020","1"
"Pisticci","p-Xilene","µg/m≥","23/03/2021","16","0.020","1"
"Pisticci","p-Xilene","µg/m≥","23/03/2021","17","0.020","1"
"Pisticci","p-Xilene","µg/m≥","23/03/2021","18","0.030","1"
"Pisticci","p-Xilene","µg/m≥","23/03/2021","19","0.050","1"
"Pisticci","p-Xilene","µg/m≥","23/03/2021","20","0.100","1"
"Pisticci","p-Xilene","µg/m≥","23/03/2021","21","0.090","1"
"Pisticci","p-Xilene","µg/m≥","23/03/2021","22","0.030","1"
"Pisticci","p-Xilene","µg/m≥","23/03/2021","23","0.030","1"
"Pisticci","p-Xilene","µg/m≥","23/03/2021","24","0.060","1"
"Pisticci","p-Xilene","µg/m≥","24/03/2021","01","0.050","1"
"Pisticci","p-Xilene","µg/m≥","24/03/2021","02","0.050","1"
"Pisticci","p-Xilene","µg/m≥","24/03/2021","03","0.070","1"
"Pisticci","p-Xilene","µg/m≥","24/03/2021","04","0.020","1"
"Pisticci","p-Xilene","µg/m≥","24/03/2021","05","0.050","1"
"Pisticci","p-Xilene","µg/m≥","24/03/2021","06","0.020","1"
"Pisticci","p-Xilene","µg/m≥","24/03/2021","07","0.030","1"
"Pisticci","p-Xilene","µg/m≥","24/03/2021","08","0.050","1"
"Pisticci","p-Xilene","µg/m≥","24/03/2021","09","0.010","1"
"Pisticci","p-Xilene","µg/m≥","24/03/2021","10","0.030","1"
"Pisticci","p-Xilene","µg/m≥","24/03/2021","11","0.020","1"
"Pisticci","p-Xilene","µg/m≥","24/03/2021","12","0.030","1"
"Pisticci","p-Xilene","µg/m≥","24/03/2021","13","0.080","1"
"Pisticci","p-Xilene","µg/m≥","24/03/2021","14","0.030","1"
"Pisticci","p-Xilene","µg/m≥","24/03/2021","15","0.030","1"
"Pisticci","p-Xilene","µg/m≥","24/03/2021","16","0.040","1"
"Pisticci","p-Xilene","µg/m≥","24/03/2021","17","0.020","1"
"Pisticci","p-Xilene","µg/m≥","24/03/2021","18","0.040","1"
"Pisticci","p-Xilene","µg/m≥","24/03/2021","19","0.150","1"
"Pisticci","p-Xilene","µg/m≥","24/03/2021","20","0.010","1"
"Pisticci","p-Xilene","µg/m≥","24/03/2021","21","0.080","1"
"Pisticci","p-Xilene","µg/m≥","24/03/2021","22","0.140","1"
"Pisticci","p-Xilene","µg/m≥","24/03/2021","23","0.030","1"
"Pisticci","p-Xilene","µg/m≥","24/03/2021","24","0.120","1"
"Pisticci","p-Xilene","µg/m≥","25/03/2021","01","0.070","1"
"Pisticci","p-Xilene","µg/m≥","25/03/2021","02","0.080","1"
"Pisticci","p-Xilene","µg/m≥","25/03/2021","03","0.050","1"
"Pisticci","p-Xilene","µg/m≥","25/03/2021","04","0.030","1"
"Pisticci","p-Xilene","µg/m≥","25/03/2021","05","0.030","1"
"Pisticci","p-Xilene","µg/m≥","25/03/2021","06","0.030","1"
"Pisticci","p-Xilene","µg/m≥","25/03/2021","07","0.030","1"
"Pisticci","p-Xilene","µg/m≥","25/03/2021","08","0.120","1"
"Pisticci","p-Xilene","µg/m≥","25/03/2021","09","0.040","1"
"Pisticci","p-Xilene","µg/m≥","25/03/2021","10","0.070","1"
"Pisticci","p-Xilene","µg/m≥","25/03/2021","11","0.020","1"
"Pisticci","p-Xilene","µg/m≥","25/03/2021","12","0.030","1"
"Pisticci","p-Xilene","µg/m≥","25/03/2021","13","0.010","1"
"Pisticci","p-Xilene","µg/m≥","25/03/2021","14","0.020","1"
"Pisticci","p-Xilene","µg/m≥","25/03/2021","15","0.020","1"
"Pisticci","p-Xilene","µg/m≥","25/03/2021","16","0.050","1"
"Pisticci","p-Xilene","µg/m≥","25/03/2021","17","0.020","1"
"Pisticci","p-Xilene","µg/m≥","25/03/2021","18","0.020","1"
"Pisticci","p-Xilene","µg/m≥","25/03/2021","19","0.030","1"
"Pisticci","p-Xilene","µg/m≥","25/03/2021","20","0.580","1"
"Pisticci","p-Xilene","µg/m≥","25/03/2021","21","0.700","1"
"Pisticci","p-Xilene","µg/m≥","25/03/2021","22","0.370","1"
"Pisticci","p-Xilene","µg/m≥","25/03/2021","23","0.230","1"
"Pisticci","p-Xilene","µg/m≥","25/03/2021","24","0.110","1"
"Pisticci","p-Xilene","µg/m≥","26/03/2021","01","0.150","1"
"Pisticci","p-Xilene","µg/m≥","26/03/2021","02","0.140","1"
"Pisticci","p-Xilene","µg/m≥","26/03/2021","03","0.120","1"
"Pisticci","p-Xilene","µg/m≥","26/03/2021","04","0.130","1"
"Pisticci","p-Xilene","µg/m≥","26/03/2021","05","0.030","1"
"Pisticci","p-Xilene","µg/m≥","26/03/2021","06","0.040","1"
"Pisticci","p-Xilene","µg/m≥","26/03/2021","07","0.030","1"
"Pisticci","p-Xilene","µg/m≥","26/03/2021","08","0.100","1"
"Pisticci","p-Xilene","µg/m≥","26/03/2021","09","0.120","1"
"Pisticci","p-Xilene","µg/m≥","26/03/2021","10","0.450","1"
"Pisticci","p-Xilene","µg/m≥","26/03/2021","11","0.050","1"
"Pisticci","p-Xilene","µg/m≥","26/03/2021","12","0.050","1"
"Pisticci","p-Xilene","µg/m≥","26/03/2021","13","0.080","1"
"Pisticci","p-Xilene","µg/m≥","26/03/2021","14","0.040","1"
"Pisticci","p-Xilene","µg/m≥","26/03/2021","15","0.140","1"
"Pisticci","p-Xilene","µg/m≥","26/03/2021","16","0.220","1"
"Pisticci","p-Xilene","µg/m≥","26/03/2021","17","2.840","1"
"Pisticci","p-Xilene","µg/m≥","26/03/2021","18","0.630","1"
"Pisticci","p-Xilene","µg/m≥","26/03/2021","19","0.820","1"
"Pisticci","p-Xilene","µg/m≥","26/03/2021","20","0.500","1"
"Pisticci","p-Xilene","µg/m≥","26/03/2021","21","0.380","1"
"Pisticci","p-Xilene","µg/m≥","26/03/2021","22","0.180","1"
"Pisticci","p-Xilene","µg/m≥","26/03/2021","23","0.140","1"
"Pisticci","p-Xilene","µg/m≥","26/03/2021","24","0.160","1"
"Pisticci","p-Xilene","µg/m≥","27/03/2021","01","0.060","1"
"Pisticci","p-Xilene","µg/m≥","27/03/2021","02","0.130","1"
"Pisticci","p-Xilene","µg/m≥","27/03/2021","03","0.160","1"
"Pisticci","p-Xilene","µg/m≥","27/03/2021","04","0.060","1"
"Pisticci","p-Xilene","µg/m≥","27/03/2021","05","0.040","1"
"Pisticci","p-Xilene","µg/m≥","27/03/2021","06","0.030","1"
"Pisticci","p-Xilene","µg/m≥","27/03/2021","07","0.030","1"
"Pisticci","p-Xilene","µg/m≥","27/03/2021","08","0.140","1"
"Pisticci","p-Xilene","µg/m≥","27/03/2021","09","0.170","1"
"Pisticci","p-Xilene","µg/m≥","27/03/2021","10","0.870","1"
"Pisticci","p-Xilene","µg/m≥","27/03/2021","11","1.860","1"
"Pisticci","p-Xilene","µg/m≥","27/03/2021","12","1.080","1"
"Pisticci","p-Xilene","µg/m≥","27/03/2021","13","0.460","1"
"Pisticci","p-Xilene","µg/m≥","27/03/2021","14","0.100","1"
"Pisticci","p-Xilene","µg/m≥","27/03/2021","15","0.060","1"
"Pisticci","p-Xilene","µg/m≥","27/03/2021","16","0.070","1"
"Pisticci","p-Xilene","µg/m≥","27/03/2021","17","0.020","1"
"Pisticci","p-Xilene","µg/m≥","27/03/2021","18","0.070","1"
"Pisticci","p-Xilene","µg/m≥","27/03/2021","19","0.020","1"
"Pisticci","p-Xilene","µg/m≥","27/03/2021","20","0.030","1"
"Pisticci","p-Xilene","µg/m≥","27/03/2021","21","0.270","1"
"Pisticci","p-Xilene","µg/m≥","27/03/2021","22","0.200","1"
"Pisticci","p-Xilene","µg/m≥","27/03/2021","23","0.250","1"
"Pisticci","p-Xilene","µg/m≥","27/03/2021","24","0.190","1"
"Pisticci","p-Xilene","µg/m≥","28/03/2021","01","0.100","1"
"Pisticci","p-Xilene","µg/m≥","28/03/2021","02","0.160","1"
"Pisticci","p-Xilene","µg/m≥","28/03/2021","03","0.140","1"
"Pisticci","p-Xilene","µg/m≥","28/03/2021","04","0.090","1"
"Pisticci","p-Xilene","µg/m≥","28/03/2021","05","0.100","1"
"Pisticci","p-Xilene","µg/m≥","28/03/2021","06","0.030","1"
"Pisticci","p-Xilene","µg/m≥","28/03/2021","07","0.060","1"
"Pisticci","p-Xilene","µg/m≥","28/03/2021","08","0.190","1"
"Pisticci","p-Xilene","µg/m≥","28/03/2021","09","0.160","1"
"Pisticci","p-Xilene","µg/m≥","28/03/2021","10","0.120","1"
"Pisticci","p-Xilene","µg/m≥","28/03/2021","11","0.020","1"
"Pisticci","p-Xilene","µg/m≥","28/03/2021","12","0.200","1"
"Pisticci","p-Xilene","µg/m≥","28/03/2021","13","0.150","1"
"Pisticci","p-Xilene","µg/m≥","28/03/2021","14","0.060","1"
"Pisticci","p-Xilene","µg/m≥","28/03/2021","15","0.020","1"
"Pisticci","p-Xilene","µg/m≥","28/03/2021","16","0.020","1"
"Pisticci","p-Xilene","µg/m≥","28/03/2021","17","0.020","1"
"Pisticci","p-Xilene","µg/m≥","28/03/2021","18","0.030","1"
"Pisticci","p-Xilene","µg/m≥","28/03/2021","19","0.020","1"
"Pisticci","p-Xilene","µg/m≥","28/03/2021","20","0.030","1"
"Pisticci","p-Xilene","µg/m≥","28/03/2021","21","0.050","1"
"Pisticci","p-Xilene","µg/m≥","28/03/2021","22","0.020","1"
"Pisticci","p-Xilene","µg/m≥","28/03/2021","23","0.100","1"
"Pisticci","p-Xilene","µg/m≥","28/03/2021","24","0.130","1"
"Pisticci","p-Xilene","µg/m≥","29/03/2021","01","0.080","1"
"Pisticci","p-Xilene","µg/m≥","29/03/2021","02","0.130","1"
"Pisticci","p-Xilene","µg/m≥","29/03/2021","03","0.100","1"
"Pisticci","p-Xilene","µg/m≥","29/03/2021","04","0.140","1"
"Pisticci","p-Xilene","µg/m≥","29/03/2021","05","0.030","1"
"Pisticci","p-Xilene","µg/m≥","29/03/2021","06","0.020","1"
"Pisticci","p-Xilene","µg/m≥","29/03/2021","07","0.040","1"
"Pisticci","p-Xilene","µg/m≥","29/03/2021","08","0.020","1"
"Pisticci","p-Xilene","µg/m≥","29/03/2021","09","0.110","1"
"Pisticci","p-Xilene","µg/m≥","29/03/2021","10","0.700","1"
"Pisticci","p-Xilene","µg/m≥","29/03/2021","11","7.760","1"
"Pisticci","p-Xilene","µg/m≥","29/03/2021","12","9.490","1"
"Pisticci","p-Xilene","µg/m≥","29/03/2021","13","4.340","1"
"Pisticci","p-Xilene","µg/m≥","29/03/2021","14","1.720","1"
"Pisticci","p-Xilene","µg/m≥","29/03/2021","15","0.780","1"
"Pisticci","p-Xilene","µg/m≥","29/03/2021","16","0.500","1"
"Pisticci","p-Xilene","µg/m≥","29/03/2021","17","0.290","1"
"Pisticci","p-Xilene","µg/m≥","29/03/2021","18","0.430","1"
"Pisticci","p-Xilene","µg/m≥","29/03/2021","19","0.550","1"
"Pisticci","p-Xilene","µg/m≥","29/03/2021","20","0.570","1"
"Pisticci","p-Xilene","µg/m≥","29/03/2021","21","0.520","1"
"Pisticci","p-Xilene","µg/m≥","29/03/2021","22","0.450","1"
"Pisticci","p-Xilene","µg/m≥","29/03/2021","23","0.450","1"
"Pisticci","p-Xilene","µg/m≥","29/03/2021","24","0.100","1"
"Pisticci","p-Xilene","µg/m≥","30/03/2021","01","0.290","1"
"Pisticci","p-Xilene","µg/m≥","30/03/2021","02","0.040","1"
"Pisticci","p-Xilene","µg/m≥","30/03/2021","03","0.020","1"
"Pisticci","p-Xilene","µg/m≥","30/03/2021","04","0.040","1"
"Pisticci","p-Xilene","µg/m≥","30/03/2021","05","0.060","1"
"Pisticci","p-Xilene","µg/m≥","30/03/2021","06","0.040","1"
"Pisticci","p-Xilene","µg/m≥","30/03/2021","07","0.040","1"
"Pisticci","p-Xilene","µg/m≥","30/03/2021","08","0.080","1"
"Pisticci","p-Xilene","µg/m≥","30/03/2021","09","0.040","1"
"Pisticci","p-Xilene","µg/m≥","30/03/2021","10","0.120","1"
"Pisticci","p-Xilene","µg/m≥","30/03/2021","11","0.130","1"
"Pisticci","p-Xilene","µg/m≥","30/03/2021","12","0.070","1"
"Pisticci","p-Xilene","µg/m≥","30/03/2021","13","0.070","1"
"Pisticci","p-Xilene","µg/m≥","30/03/2021","14","0.040","1"
"Pisticci","p-Xilene","µg/m≥","30/03/2021","15","0.060","1"
"Pisticci","p-Xilene","µg/m≥","30/03/2021","16","0.110","1"
"Pisticci","p-Xilene","µg/m≥","30/03/2021","17","0.050","1"
"Pisticci","p-Xilene","µg/m≥","30/03/2021","18","0.050","1"
"Pisticci","p-Xilene","µg/m≥","30/03/2021","19","0.080","1"
"Pisticci","p-Xilene","µg/m≥","30/03/2021","20","0.080","1"
"Pisticci","p-Xilene","µg/m≥","30/03/2021","21","0.230","1"
"Pisticci","p-Xilene","µg/m≥","30/03/2021","22","0.100","1"
"Pisticci","p-Xilene","µg/m≥","30/03/2021","23","0.270","1"
"Pisticci","p-Xilene","µg/m≥","30/03/2021","24","0.030","1"
"Pisticci","p-Xilene","µg/m≥","31/03/2021","01","0.060","1"
"Pisticci","p-Xilene","µg/m≥","31/03/2021","02","0.110","1"
"Pisticci","p-Xilene","µg/m≥","31/03/2021","03","0.110","1"
"Pisticci","p-Xilene","µg/m≥","31/03/2021","04","0.070","1"
"Pisticci","p-Xilene","µg/m≥","31/03/2021","05","0.060","1"
"Pisticci","p-Xilene","µg/m≥","31/03/2021","06","0.030","1"
"Pisticci","p-Xilene","µg/m≥","31/03/2021","07","0.020","1"
"Pisticci","p-Xilene","µg/m≥","31/03/2021","08","0.090","1"
"Pisticci","p-Xilene","µg/m≥","31/03/2021","09","0.020","1"
"Pisticci","p-Xilene","µg/m≥","31/03/2021","10","0.120","1"
"Pisticci","p-Xilene","µg/m≥","31/03/2021","11","0.030","1"
"Pisticci","p-Xilene","µg/m≥","31/03/2021","12","0.020","-1"
"Pisticci","p-Xilene","µg/m≥","31/03/2021","13","-9999","-1"
"Pisticci","p-Xilene","µg/m≥","31/03/2021","14","-9999","-1"
"Pisticci","p-Xilene","µg/m≥","31/03/2021","15","-9999","-1"
"Pisticci","p-Xilene","µg/m≥","31/03/2021","16","0.460","1"
"Pisticci","p-Xilene","µg/m≥","31/03/2021","17","0.660","1"
"Pisticci","p-Xilene","µg/m≥","31/03/2021","18","0.040","1"
"Pisticci","p-Xilene","µg/m≥","31/03/2021","19","0.140","1"
"Pisticci","p-Xilene","µg/m≥","31/03/2021","20","0.030","1"
"Pisticci","p-Xilene","µg/m≥","31/03/2021","21","0.280","1"
"Pisticci","p-Xilene","µg/m≥","31/03/2021","22","0.160","1"
"Pisticci","p-Xilene","µg/m≥","31/03/2021","23","0.090","1"
"Pisticci","p-Xilene","µg/m≥","31/03/2021","24","0.030","1"
"Pisticci","p-Xilene","µg/m≥","01/04/2021","01","0.040","1"
"Pisticci","p-Xilene","µg/m≥","01/04/2021","02","0.060","1"
"Pisticci","p-Xilene","µg/m≥","01/04/2021","03","0.040","1"
"Pisticci","p-Xilene","µg/m≥","01/04/2021","04","0.120","1"
"Pisticci","p-Xilene","µg/m≥","01/04/2021","05","0.020","1"
"Pisticci","p-Xilene","µg/m≥","01/04/2021","06","0.010","1"
"Pisticci","p-Xilene","µg/m≥","01/04/2021","07","0.080","1"
"Pisticci","p-Xilene","µg/m≥","01/04/2021","08","0.040","1"
"Pisticci","p-Xilene","µg/m≥","01/04/2021","09","0.060","1"
"Pisticci","p-Xilene","µg/m≥","01/04/2021","10","0.070","1"
"Pisticci","p-Xilene","µg/m≥","01/04/2021","11","0.120","1"
"Pisticci","p-Xilene","µg/m≥","01/04/2021","12","0.140","1"
"Pisticci","p-Xilene","µg/m≥","01/04/2021","13","0.070","1"
"Pisticci","p-Xilene","µg/m≥","01/04/2021","14","0.010","1"
"Pisticci","p-Xilene","µg/m≥","01/04/2021","15","0.020","1"
"Pisticci","p-Xilene","µg/m≥","01/04/2021","16","0.010","1"
"Pisticci","p-Xilene","µg/m≥","01/04/2021","17","1.070","1"
"Pisticci","p-Xilene","µg/m≥","01/04/2021","18","0.320","1"
"Pisticci","p-Xilene","µg/m≥","01/04/2021","19","0.170","1"
"Pisticci","p-Xilene","µg/m≥","01/04/2021","20","0.330","1"
"Pisticci","p-Xilene","µg/m≥","01/04/2021","21","0.400","1"
"Pisticci","p-Xilene","µg/m≥","01/04/2021","22","0.250","1"
"Pisticci","p-Xilene","µg/m≥","01/04/2021","23","0.260","1"
"Pisticci","p-Xilene","µg/m≥","01/04/2021","24","0.250","1"
"Pisticci","p-Xilene","µg/m≥","02/04/2021","01","0.210","1"
"Pisticci","p-Xilene","µg/m≥","02/04/2021","02","0.240","1"
"Pisticci","p-Xilene","µg/m≥","02/04/2021","03","0.200","1"
"Pisticci","p-Xilene","µg/m≥","02/04/2021","04","0.120","1"
"Pisticci","p-Xilene","µg/m≥","02/04/2021","05","0.030","1"
"Pisticci","p-Xilene","µg/m≥","02/04/2021","06","0.130","1"
"Pisticci","p-Xilene","µg/m≥","02/04/2021","07","0.200","1"
"Pisticci","p-Xilene","µg/m≥","02/04/2021","08","0.240","1"
"Pisticci","p-Xilene","µg/m≥","02/04/2021","09","0.270","1"
"Pisticci","p-Xilene","µg/m≥","02/04/2021","10","0.360","1"
"Pisticci","p-Xilene","µg/m≥","02/04/2021","11","0.150","1"
"Pisticci","p-Xilene","µg/m≥","02/04/2021","12","0.170","1"
"Pisticci","p-Xilene","µg/m≥","02/04/2021","13","0.060","1"
"Pisticci","p-Xilene","µg/m≥","02/04/2021","14","0.020","1"
"Pisticci","p-Xilene","µg/m≥","02/04/2021","15","0.110","1"
"Pisticci","p-Xilene","µg/m≥","02/04/2021","16","0.020","1"
"Pisticci","p-Xilene","µg/m≥","02/04/2021","17","0.010","1"
"Pisticci","p-Xilene","µg/m≥","02/04/2021","18","0.020","1"
"Pisticci","p-Xilene","µg/m≥","02/04/2021","19","0.090","1"
"Pisticci","p-Xilene","µg/m≥","02/04/2021","20","0.080","1"
"Pisticci","p-Xilene","µg/m≥","02/04/2021","21","0.140","1"
"Pisticci","p-Xilene","µg/m≥","02/04/2021","22","0.090","1"
"Pisticci","p-Xilene","µg/m≥","02/04/2021","23","0.100","1"
"Pisticci","p-Xilene","µg/m≥","02/04/2021","24","0.160","1"
"Pisticci","p-Xilene","µg/m≥","03/04/2021","01","0.030","1"
"Pisticci","p-Xilene","µg/m≥","03/04/2021","02","0.110","1"
"Pisticci","p-Xilene","µg/m≥","03/04/2021","03","0.080","1"
"Pisticci","p-Xilene","µg/m≥","03/04/2021","04","0.090","1"
"Pisticci","p-Xilene","µg/m≥","03/04/2021","05","0.020","1"
"Pisticci","p-Xilene","µg/m≥","03/04/2021","06","0.060","1"
"Pisticci","p-Xilene","µg/m≥","03/04/2021","07","0.090","1"
"Pisticci","p-Xilene","µg/m≥","03/04/2021","08","0.050","1"
"Pisticci","p-Xilene","µg/m≥","03/04/2021","09","0.070","1"
"Pisticci","p-Xilene","µg/m≥","03/04/2021","10","0.060","1"
"Pisticci","p-Xilene","µg/m≥","03/04/2021","11","0.130","1"
"Pisticci","p-Xilene","µg/m≥","03/04/2021","12","0.030","1"
"Pisticci","p-Xilene","µg/m≥","03/04/2021","13","0.190","1"
"Pisticci","p-Xilene","µg/m≥","03/04/2021","14","0.020","1"
"Pisticci","p-Xilene","µg/m≥","03/04/2021","15","0.020","1"
"Pisticci","p-Xilene","µg/m≥","03/04/2021","16","0.020","1"
"Pisticci","p-Xilene","µg/m≥","03/04/2021","17","0.380","1"
"Pisticci","p-Xilene","µg/m≥","03/04/2021","18","0.270","1"
"Pisticci","p-Xilene","µg/m≥","03/04/2021","19","0.270","1"
"Pisticci","p-Xilene","µg/m≥","03/04/2021","20","0.160","1"
"Pisticci","p-Xilene","µg/m≥","03/04/2021","21","0.120","1"
"Pisticci","p-Xilene","µg/m≥","03/04/2021","22","0.070","1"
"Pisticci","p-Xilene","µg/m≥","03/04/2021","23","0.190","1"
"Pisticci","p-Xilene","µg/m≥","03/04/2021","24","0.050","1"
"Pisticci","p-Xilene","µg/m≥","04/04/2021","01","0.030","1"
"Pisticci","p-Xilene","µg/m≥","04/04/2021","02","0.020","1"
"Pisticci","p-Xilene","µg/m≥","04/04/2021","03","0.020","1"
"Pisticci","p-Xilene","µg/m≥","04/04/2021","04","0.030","1"
"Pisticci","p-Xilene","µg/m≥","04/04/2021","05","0.030","1"
"Pisticci","p-Xilene","µg/m≥","04/04/2021","06","0.040","1"
"Pisticci","p-Xilene","µg/m≥","04/04/2021","07","0.020","1"
"Pisticci","p-Xilene","µg/m≥","04/04/2021","08","0.020","1"
"Pisticci","p-Xilene","µg/m≥","04/04/2021","09","0.010","1"
"Pisticci","p-Xilene","µg/m≥","04/04/2021","10","0.020","1"
"Pisticci","p-Xilene","µg/m≥","04/04/2021","11","0.030","1"
"Pisticci","p-Xilene","µg/m≥","04/04/2021","12","0.010","1"
"Pisticci","p-Xilene","µg/m≥","04/04/2021","13","0.030","1"
"Pisticci","p-Xilene","µg/m≥","04/04/2021","14","0.030","1"
"Pisticci","p-Xilene","µg/m≥","04/04/2021","15","0.020","1"
"Pisticci","p-Xilene","µg/m≥","04/04/2021","16","0.050","1"
"Pisticci","p-Xilene","µg/m≥","04/04/2021","17","0.040","1"
"Pisticci","p-Xilene","µg/m≥","04/04/2021","18","0.010","1"
"Pisticci","p-Xilene","µg/m≥","04/04/2021","19","0.020","1"
"Pisticci","p-Xilene","µg/m≥","04/04/2021","20","0.010","1"
"Pisticci","p-Xilene","µg/m≥","04/04/2021","21","0.020","1"
"Pisticci","p-Xilene","µg/m≥","04/04/2021","22","0.040","1"
"Pisticci","p-Xilene","µg/m≥","04/04/2021","23","0.020","1"
"Pisticci","p-Xilene","µg/m≥","04/04/2021","24","0.020","1"
"Pisticci","p-Xilene","µg/m≥","05/04/2021","01","0.010","1"
"Pisticci","p-Xilene","µg/m≥","05/04/2021","02","0.020","1"
"Pisticci","p-Xilene","µg/m≥","05/04/2021","03","0.020","1"
"Pisticci","p-Xilene","µg/m≥","05/04/2021","04","0.050","1"
"Pisticci","p-Xilene","µg/m≥","05/04/2021","05","0.070","1"
"Pisticci","p-Xilene","µg/m≥","05/04/2021","06","0.170","1"
"Pisticci","p-Xilene","µg/m≥","05/04/2021","07","0.600","1"
"Pisticci","p-Xilene","µg/m≥","05/04/2021","08","0.400","1"
"Pisticci","p-Xilene","µg/m≥","05/04/2021","09","0.550","1"
"Pisticci","p-Xilene","µg/m≥","05/04/2021","10","0.100","1"
"Pisticci","p-Xilene","µg/m≥","05/04/2021","11","0.030","1"
"Pisticci","p-Xilene","µg/m≥","05/04/2021","12","0.090","1"
"Pisticci","p-Xilene","µg/m≥","05/04/2021","13","0.030","1"
"Pisticci","p-Xilene","µg/m≥","05/04/2021","14","0.140","1"
"Pisticci","p-Xilene","µg/m≥","05/04/2021","15","0.230","1"
"Pisticci","p-Xilene","µg/m≥","05/04/2021","16","0.080","1"
"Pisticci","p-Xilene","µg/m≥","05/04/2021","17","0.110","1"
"Pisticci","p-Xilene","µg/m≥","05/04/2021","18","0.160","1"
"Pisticci","p-Xilene","µg/m≥","05/04/2021","19","0.260","1"
"Pisticci","p-Xilene","µg/m≥","05/04/2021","20","0.050","1"
"Pisticci","p-Xilene","µg/m≥","05/04/2021","21","0.090","1"
"Pisticci","p-Xilene","µg/m≥","05/04/2021","22","0.090","1"
"Pisticci","p-Xilene","µg/m≥","05/04/2021","23","0.110","1"
"Pisticci","p-Xilene","µg/m≥","05/04/2021","24","0.170","1"
"Pisticci","p-Xilene","µg/m≥","06/04/2021","01","0.190","1"
"Pisticci","p-Xilene","µg/m≥","06/04/2021","02","0.040","1"
"Pisticci","p-Xilene","µg/m≥","06/04/2021","03","0.050","1"
"Pisticci","p-Xilene","µg/m≥","06/04/2021","04","0.060","1"
"Pisticci","p-Xilene","µg/m≥","06/04/2021","05","0.050","1"
"Pisticci","p-Xilene","µg/m≥","06/04/2021","06","0.040","1"
"Pisticci","p-Xilene","µg/m≥","06/04/2021","07","0.040","1"
"Pisticci","p-Xilene","µg/m≥","06/04/2021","08","0.030","1"
"Pisticci","p-Xilene","µg/m≥","06/04/2021","09","0.030","1"
"Pisticci","p-Xilene","µg/m≥","06/04/2021","10","0.030","1"
"Pisticci","p-Xilene","µg/m≥","06/04/2021","11","-9999","-1"
"Pisticci","p-Xilene","µg/m≥","06/04/2021","12","-9999","-1"
"Pisticci","p-Xilene","µg/m≥","06/04/2021","13","-9999","-1"
"Pisticci","p-Xilene","µg/m≥","06/04/2021","14","-9999","-1"
"Pisticci","p-Xilene","µg/m≥","06/04/2021","15","-9999","-1"
"Pisticci","p-Xilene","µg/m≥","06/04/2021","16","-9999","-1"
"Pisticci","p-Xilene","µg/m≥","06/04/2021","17","-9999","-1"
"Pisticci","p-Xilene","µg/m≥","06/04/2021","18","-9999","-1"
"Pisticci","p-Xilene","µg/m≥","06/04/2021","19","-9999","-1"
"Pisticci","p-Xilene","µg/m≥","06/04/2021","20","-9999","-1"
"Pisticci","p-Xilene","µg/m≥","06/04/2021","21","-9999","-1"
"Pisticci","p-Xilene","µg/m≥","06/04/2021","22","-9999","-1"
"Pisticci","p-Xilene","µg/m≥","06/04/2021","23","-9999","-1"
"Pisticci","p-Xilene","µg/m≥","06/04/2021","24","-9999","-1"
"Pisticci","p-Xilene","µg/m≥","07/04/2021","01","-9999","-1"
"Pisticci","p-Xilene","µg/m≥","07/04/2021","02","-9999","-1"
"Pisticci","p-Xilene","µg/m≥","07/04/2021","03","-9999","-1"
"Pisticci","p-Xilene","µg/m≥","07/04/2021","04","-9999","-1"
"Pisticci","p-Xilene","µg/m≥","07/04/2021","05","-9999","-1"
"Pisticci","p-Xilene","µg/m≥","07/04/2021","06","-9999","-1"
"Pisticci","p-Xilene","µg/m≥","07/04/2021","07","-9999","-1"
"Pisticci","p-Xilene","µg/m≥","07/04/2021","08","-9999","-1"
"Pisticci","p-Xilene","µg/m≥","07/04/2021","09","-9999","-1"
"Pisticci","p-Xilene","µg/m≥","07/04/2021","10","-9999","-1"
"Pisticci","p-Xilene","µg/m≥","07/04/2021","11","-9999","-1"
"Pisticci","p-Xilene","µg/m≥","07/04/2021","12","-9999","-1"
"Pisticci","p-Xilene","µg/m≥","07/04/2021","13","1.090","1"
"Pisticci","p-Xilene","µg/m≥","07/04/2021","14","2.140","1"
"Pisticci","p-Xilene","µg/m≥","07/04/2021","15","0.240","1"
"Pisticci","p-Xilene","µg/m≥","07/04/2021","16","0.310","1"
"Pisticci","p-Xilene","µg/m≥","07/04/2021","17","0.160","1"
"Pisticci","p-Xilene","µg/m≥","07/04/2021","18","0.260","1"
"Pisticci","p-Xilene","µg/m≥","07/04/2021","19","0.260","1"
"Pisticci","p-Xilene","µg/m≥","07/04/2021","20","0.180","1"
"Pisticci","p-Xilene","µg/m≥","07/04/2021","21","0.230","1"
"Pisticci","p-Xilene","µg/m≥","07/04/2021","22","0.150","1"
"Pisticci","p-Xilene","µg/m≥","07/04/2021","23","0.240","1"
"Pisticci","p-Xilene","µg/m≥","07/04/2021","24","0.240","1"
"Pisticci","p-Xilene","µg/m≥","08/04/2021","01","0.180","1"
"Pisticci","p-Xilene","µg/m≥","08/04/2021","02","0.230","1"
"Pisticci","p-Xilene","µg/m≥","08/04/2021","03","0.310","1"
"Pisticci","p-Xilene","µg/m≥","08/04/2021","04","0.210","1"
"Pisticci","p-Xilene","µg/m≥","08/04/2021","05","0.160","1"
"Pisticci","p-Xilene","µg/m≥","08/04/2021","06","0.450","1"
"Pisticci","p-Xilene","µg/m≥","08/04/2021","07","0.200","1"
"Pisticci","p-Xilene","µg/m≥","08/04/2021","08","0.080","1"
"Pisticci","p-Xilene","µg/m≥","08/04/2021","09","0.080","1"
"Pisticci","p-Xilene","µg/m≥","08/04/2021","10","0.080","1"
"Pisticci","p-Xilene","µg/m≥","08/04/2021","11","0.050","1"
"Pisticci","p-Xilene","µg/m≥","08/04/2021","12","0.070","1"
"Pisticci","p-Xilene","µg/m≥","08/04/2021","13","0.050","1"
"Pisticci","p-Xilene","µg/m≥","08/04/2021","14","0.320","1"
"Pisticci","p-Xilene","µg/m≥","08/04/2021","15","0.420","1"
"Pisticci","p-Xilene","µg/m≥","08/04/2021","16","0.650","1"
"Pisticci","p-Xilene","µg/m≥","08/04/2021","17","0.280","1"
"Pisticci","p-Xilene","µg/m≥","08/04/2021","18","0.170","1"
"Pisticci","p-Xilene","µg/m≥","08/04/2021","19","0.450","1"
"Pisticci","p-Xilene","µg/m≥","08/04/2021","20","0.670","1"
"Pisticci","p-Xilene","µg/m≥","08/04/2021","21","0.270","1"
"Pisticci","p-Xilene","µg/m≥","08/04/2021","22","0.300","1"
"Pisticci","p-Xilene","µg/m≥","08/04/2021","23","0.310","1"
"Pisticci","p-Xilene","µg/m≥","08/04/2021","24","0.300","1"
"Pisticci","p-Xilene","µg/m≥","09/04/2021","01","0.170","1"
"Pisticci","p-Xilene","µg/m≥","09/04/2021","02","0.210","1"
"Pisticci","p-Xilene","µg/m≥","09/04/2021","03","0.560","1"
"Pisticci","p-Xilene","µg/m≥","09/04/2021","04","0.290","1"
"Pisticci","p-Xilene","µg/m≥","09/04/2021","05","0.350","1"
"Pisticci","p-Xilene","µg/m≥","09/04/2021","06","0.460","1"
"Pisticci","p-Xilene","µg/m≥","09/04/2021","07","0.390","1"
"Pisticci","p-Xilene","µg/m≥","09/04/2021","08","0.170","1"
"Pisticci","p-Xilene","µg/m≥","09/04/2021","09","0.210","1"
"Pisticci","p-Xilene","µg/m≥","09/04/2021","10","0.200","1"
"Pisticci","p-Xilene","µg/m≥","09/04/2021","11","0.670","1"
"Pisticci","p-Xilene","µg/m≥","09/04/2021","12","0.090","1"
"Pisticci","p-Xilene","µg/m≥","09/04/2021","13","0.080","1"
"Pisticci","p-Xilene","µg/m≥","09/04/2021","14","0.030","1"
"Pisticci","p-Xilene","µg/m≥","09/04/2021","15","0.030","1"
"Pisticci","p-Xilene","µg/m≥","09/04/2021","16","0.030","1"
"Pisticci","p-Xilene","µg/m≥","09/04/2021","17","0.030","1"
"Pisticci","p-Xilene","µg/m≥","09/04/2021","18","0.030","1"
"Pisticci","p-Xilene","µg/m≥","09/04/2021","19","0.080","1"
"Pisticci","p-Xilene","µg/m≥","09/04/2021","20","0.370","1"
"Pisticci","p-Xilene","µg/m≥","09/04/2021","21","0.180","1"
"Pisticci","p-Xilene","µg/m≥","09/04/2021","22","0.140","1"
"Pisticci","p-Xilene","µg/m≥","09/04/2021","23","0.140","1"
"Pisticci","p-Xilene","µg/m≥","09/04/2021","24","0.140","1"
"Pisticci","p-Xilene","µg/m≥","10/04/2021","01","0.110","1"
"Pisticci","p-Xilene","µg/m≥","10/04/2021","02","0.250","1"
"Pisticci","p-Xilene","µg/m≥","10/04/2021","03","0.270","1"
"Pisticci","p-Xilene","µg/m≥","10/04/2021","04","0.210","1"
"Pisticci","p-Xilene","µg/m≥","10/04/2021","05","0.100","1"
"Pisticci","p-Xilene","µg/m≥","10/04/2021","06","0.150","1"
"Pisticci","p-Xilene","µg/m≥","10/04/2021","07","0.210","1"
"Pisticci","p-Xilene","µg/m≥","10/04/2021","08","0.160","1"
"Pisticci","p-Xilene","µg/m≥","10/04/2021","09","1.260","1"
"Pisticci","p-Xilene","µg/m≥","10/04/2021","10","0.180","1"
"Pisticci","p-Xilene","µg/m≥","10/04/2021","11","0.510","1"
"Pisticci","p-Xilene","µg/m≥","10/04/2021","12","0.310","1"
"Pisticci","p-Xilene","µg/m≥","10/04/2021","13","0.310","1"
"Pisticci","p-Xilene","µg/m≥","10/04/2021","14","0.260","1"
"Pisticci","p-Xilene","µg/m≥","10/04/2021","15","0.380","1"
"Pisticci","p-Xilene","µg/m≥","10/04/2021","16","0.390","1"
"Pisticci","p-Xilene","µg/m≥","10/04/2021","17","0.490","1"
"Pisticci","p-Xilene","µg/m≥","10/04/2021","18","1.520","1"
"Pisticci","p-Xilene","µg/m≥","10/04/2021","19","0.360","1"
"Pisticci","p-Xilene","µg/m≥","10/04/2021","20","0.740","1"
"Pisticci","p-Xilene","µg/m≥","10/04/2021","21","0.370","1"
"Pisticci","p-Xilene","µg/m≥","10/04/2021","22","0.400","1"
"Pisticci","p-Xilene","µg/m≥","10/04/2021","23","0.980","1"
"Pisticci","p-Xilene","µg/m≥","10/04/2021","24","0.390","1"
"Pisticci","p-Xilene","µg/m≥","11/04/2021","01","1.240","1"
"Pisticci","p-Xilene","µg/m≥","11/04/2021","02","0.330","1"
"Pisticci","p-Xilene","µg/m≥","11/04/2021","03","0.530","1"
"Pisticci","p-Xilene","µg/m≥","11/04/2021","04","0.200","1"
"Pisticci","p-Xilene","µg/m≥","11/04/2021","05","0.410","1"
"Pisticci","p-Xilene","µg/m≥","11/04/2021","06","0.300","1"
"Pisticci","p-Xilene","µg/m≥","11/04/2021","07","0.240","1"
"Pisticci","p-Xilene","µg/m≥","11/04/2021","08","0.180","1"
"Pisticci","p-Xilene","µg/m≥","11/04/2021","09","0.680","1"
"Pisticci","p-Xilene","µg/m≥","11/04/2021","10","0.310","1"
"Pisticci","p-Xilene","µg/m≥","11/04/2021","11","0.210","1"
"Pisticci","p-Xilene","µg/m≥","11/04/2021","12","0.150","1"
"Pisticci","p-Xilene","µg/m≥","11/04/2021","13","0.180","1"
"Pisticci","p-Xilene","µg/m≥","11/04/2021","14","0.160","1"
"Pisticci","p-Xilene","µg/m≥","11/04/2021","15","0.090","1"
"Pisticci","p-Xilene","µg/m≥","11/04/2021","16","0.180","1"
"Pisticci","p-Xilene","µg/m≥","11/04/2021","17","0.020","1"
"Pisticci","p-Xilene","µg/m≥","11/04/2021","18","0.020","1"
"Pisticci","p-Xilene","µg/m≥","11/04/2021","19","0.070","1"
"Pisticci","p-Xilene","µg/m≥","11/04/2021","20","0.020","1"
"Pisticci","p-Xilene","µg/m≥","11/04/2021","21","0.020","1"
"Pisticci","p-Xilene","µg/m≥","11/04/2021","22","0.070","1"
"Pisticci","p-Xilene","µg/m≥","11/04/2021","23","0.080","1"
"Pisticci","p-Xilene","µg/m≥","11/04/2021","24","0.020","1"
"Pisticci","p-Xilene","µg/m≥","12/04/2021","01","0.050","1"
"Pisticci","p-Xilene","µg/m≥","12/04/2021","02","0.030","1"
"Pisticci","p-Xilene","µg/m≥","12/04/2021","03","0.070","1"
"Pisticci","p-Xilene","µg/m≥","12/04/2021","04","0.030","1"
"Pisticci","p-Xilene","µg/m≥","12/04/2021","05","0.050","1"
"Pisticci","p-Xilene","µg/m≥","12/04/2021","06","0.040","1"
"Pisticci","p-Xilene","µg/m≥","12/04/2021","07","0.030","1"
"Pisticci","p-Xilene","µg/m≥","12/04/2021","08","0.170","1"
"Pisticci","p-Xilene","µg/m≥","12/04/2021","09","0.020","1"
"Pisticci","p-Xilene","µg/m≥","12/04/2021","10","0.060","1"
"Pisticci","p-Xilene","µg/m≥","12/04/2021","11","0.050","1"
"Pisticci","p-Xilene","µg/m≥","12/04/2021","12","0.090","1"
"Pisticci","p-Xilene","µg/m≥","12/04/2021","13","0.030","1"
"Pisticci","p-Xilene","µg/m≥","12/04/2021","14","0.040","1"
"Pisticci","p-Xilene","µg/m≥","12/04/2021","15","0.090","1"
"Pisticci","p-Xilene","µg/m≥","12/04/2021","16","0.140","1"
"Pisticci","p-Xilene","µg/m≥","12/04/2021","17","0.040","1"
"Pisticci","p-Xilene","µg/m≥","12/04/2021","18","0.090","1"
"Pisticci","p-Xilene","µg/m≥","12/04/2021","19","0.120","1"
"Pisticci","p-Xilene","µg/m≥","12/04/2021","20","0.140","1"
"Pisticci","p-Xilene","µg/m≥","12/04/2021","21","0.110","1"
"Pisticci","p-Xilene","µg/m≥","12/04/2021","22","0.080","1"
"Pisticci","p-Xilene","µg/m≥","12/04/2021","23","0.050","1"
"Pisticci","p-Xilene","µg/m≥","12/04/2021","24","0.040","1"
"Pisticci","p-Xilene","µg/m≥","13/04/2021","01","0.070","1"
"Pisticci","p-Xilene","µg/m≥","13/04/2021","02","0.030","1"
"Pisticci","p-Xilene","µg/m≥","13/04/2021","03","0.050","1"
"Pisticci","p-Xilene","µg/m≥","13/04/2021","04","0.150","1"
"Pisticci","p-Xilene","µg/m≥","13/04/2021","05","0.060","1"
"Pisticci","p-Xilene","µg/m≥","13/04/2021","06","0.050","1"
"Pisticci","p-Xilene","µg/m≥","13/04/2021","07","0.020","1"
"Pisticci","p-Xilene","µg/m≥","13/04/2021","08","0.160","1"
"Pisticci","p-Xilene","µg/m≥","13/04/2021","09","0.030","1"
"Pisticci","p-Xilene","µg/m≥","13/04/2021","10","0.120","1"
"Pisticci","p-Xilene","µg/m≥","13/04/2021","11","0.030","1"
"Pisticci","p-Xilene","µg/m≥","13/04/2021","12","0.010","1"
"Pisticci","p-Xilene","µg/m≥","13/04/2021","13","0.010","1"
"Pisticci","p-Xilene","µg/m≥","13/04/2021","14","0.010","1"
"Pisticci","p-Xilene","µg/m≥","13/04/2021","15","0.010","1"
"Pisticci","p-Xilene","µg/m≥","13/04/2021","16","0.010","1"
"Pisticci","p-Xilene","µg/m≥","13/04/2021","17","0.010","1"
"Pisticci","p-Xilene","µg/m≥","13/04/2021","18","0.020","1"
"Pisticci","p-Xilene","µg/m≥","13/04/2021","19","0.010","1"
"Pisticci","p-Xilene","µg/m≥","13/04/2021","20","0.010","1"
"Pisticci","p-Xilene","µg/m≥","13/04/2021","21","0.010","1"
"Pisticci","p-Xilene","µg/m≥","13/04/2021","22","0.050","1"
"Pisticci","p-Xilene","µg/m≥","13/04/2021","23","0.020","1"
"Pisticci","p-Xilene","µg/m≥","13/04/2021","24","0.030","1"
"Pisticci","p-Xilene","µg/m≥","14/04/2021","01","0.030","1"
"Pisticci","p-Xilene","µg/m≥","14/04/2021","02","0.030","1"
"Pisticci","p-Xilene","µg/m≥","14/04/2021","03","0.010","1"
"Pisticci","p-Xilene","µg/m≥","14/04/2021","04","0.040","1"
"Pisticci","p-Xilene","µg/m≥","14/04/2021","05","0.020","1"
"Pisticci","p-Xilene","µg/m≥","14/04/2021","06","0.040","1"
"Pisticci","p-Xilene","µg/m≥","14/04/2021","07","0.040","1"
"Pisticci","p-Xilene","µg/m≥","14/04/2021","08","0.070","1"
"Pisticci","p-Xilene","µg/m≥","14/04/2021","09","0.060","1"
"Pisticci","p-Xilene","µg/m≥","14/04/2021","10","0.030","1"
"Pisticci","p-Xilene","µg/m≥","14/04/2021","11","0.020","1"
"Pisticci","p-Xilene","µg/m≥","14/04/2021","12","0.020","1"
"Pisticci","p-Xilene","µg/m≥","14/04/2021","13","0.010","1"
"Pisticci","p-Xilene","µg/m≥","14/04/2021","14","0.020","1"
"Pisticci","p-Xilene","µg/m≥","14/04/2021","15","0.010","1"
"Pisticci","p-Xilene","µg/m≥","14/04/2021","16","0.030","1"
"Pisticci","p-Xilene","µg/m≥","14/04/2021","17","0.020","1"
"Pisticci","p-Xilene","µg/m≥","14/04/2021","18","0.030","1"
"Pisticci","p-Xilene","µg/m≥","14/04/2021","19","0.080","1"
"Pisticci","p-Xilene","µg/m≥","14/04/2021","20","0.130","1"
"Pisticci","p-Xilene","µg/m≥","14/04/2021","21","0.200","1"
"Pisticci","p-Xilene","µg/m≥","14/04/2021","22","0.340","1"
"Pisticci","p-Xilene","µg/m≥","14/04/2021","23","0.230","1"
"Pisticci","p-Xilene","µg/m≥","14/04/2021","24","0.240","1"
"Pisticci","p-Xilene","µg/m≥","15/04/2021","01","0.110","1"
"Pisticci","p-Xilene","µg/m≥","15/04/2021","02","0.230","1"
"Pisticci","p-Xilene","µg/m≥","15/04/2021","03","0.220","1"
"Pisticci","p-Xilene","µg/m≥","15/04/2021","04","0.660","1"
"Pisticci","p-Xilene","µg/m≥","15/04/2021","05","0.190","1"
"Pisticci","p-Xilene","µg/m≥","15/04/2021","06","0.640","1"
"Pisticci","p-Xilene","µg/m≥","15/04/2021","07","0.510","1"
"Pisticci","p-Xilene","µg/m≥","15/04/2021","08","0.650","1"
"Pisticci","p-Xilene","µg/m≥","15/04/2021","09","0.430","1"
"Pisticci","p-Xilene","µg/m≥","15/04/2021","10","0.340","1"
"Pisticci","p-Xilene","µg/m≥","15/04/2021","11","0.900","1"
"Pisticci","p-Xilene","µg/m≥","15/04/2021","12","0.040","1"
"Pisticci","p-Xilene","µg/m≥","15/04/2021","13","0.090","1"
"Pisticci","p-Xilene","µg/m≥","15/04/2021","14","0.080","1"
"Pisticci","p-Xilene","µg/m≥","15/04/2021","15","0.090","1"
"Pisticci","p-Xilene","µg/m≥","15/04/2021","16","0.080","1"
"Pisticci","p-Xilene","µg/m≥","15/04/2021","17","0.070","1"
"Pisticci","p-Xilene","µg/m≥","15/04/2021","18","0.100","1"
"Pisticci","p-Xilene","µg/m≥","15/04/2021","19","0.610","1"
"Pisticci","p-Xilene","µg/m≥","15/04/2021","20","0.140","1"
"Pisticci","p-Xilene","µg/m≥","15/04/2021","21","0.190","1"
"Pisticci","p-Xilene","µg/m≥","15/04/2021","22","0.190","1"
"Pisticci","p-Xilene","µg/m≥","15/04/2021","23","0.530","1"
"Pisticci","p-Xilene","µg/m≥","15/04/2021","24","0.320","1"
"Pisticci","p-Xilene","µg/m≥","16/04/2021","01","0.050","1"
"Pisticci","p-Xilene","µg/m≥","16/04/2021","02","1.240","1"
"Pisticci","p-Xilene","µg/m≥","16/04/2021","03","0.180","1"
"Pisticci","p-Xilene","µg/m≥","16/04/2021","04","0.540","1"
"Pisticci","p-Xilene","µg/m≥","16/04/2021","05","0.120","1"
"Pisticci","p-Xilene","µg/m≥","16/04/2021","06","0.040","1"
"Pisticci","p-Xilene","µg/m≥","16/04/2021","07","0.040","1"
"Pisticci","p-Xilene","µg/m≥","16/04/2021","08","0.060","1"
"Pisticci","p-Xilene","µg/m≥","16/04/2021","09","0.140","1"
"Pisticci","p-Xilene","µg/m≥","16/04/2021","10","-9999","-1"
"Pisticci","p-Xilene","µg/m≥","16/04/2021","11","-9999","-1"
"Pisticci","p-Xilene","µg/m≥","16/04/2021","12","-9999","-1"
"Pisticci","p-Xilene","µg/m≥","16/04/2021","13","-9999","-1"
"Pisticci","p-Xilene","µg/m≥","16/04/2021","14","-9999","-1"
"Pisticci","p-Xilene","µg/m≥","16/04/2021","15","-9999","-1"
"Pisticci","p-Xilene","µg/m≥","16/04/2021","16","8.940","-1"
"Pisticci","p-Xilene","µg/m≥","16/04/2021","17","0.160","1"
"Pisticci","p-Xilene","µg/m≥","16/04/2021","18","0.070","1"
"Pisticci","p-Xilene","µg/m≥","16/04/2021","19","0.110","1"
"Pisticci","p-Xilene","µg/m≥","16/04/2021","20","0.220","1"
"Pisticci","p-Xilene","µg/m≥","16/04/2021","21","0.160","1"
"Pisticci","p-Xilene","µg/m≥","16/04/2021","22","0.110","1"
"Pisticci","p-Xilene","µg/m≥","16/04/2021","23","0.280","1"
"Pisticci","p-Xilene","µg/m≥","16/04/2021","24","0.080","1"
"Pisticci","p-Xilene","µg/m≥","17/04/2021","01","0.140","1"
"Pisticci","p-Xilene","µg/m≥","17/04/2021","02","0.160","1"
"Pisticci","p-Xilene","µg/m≥","17/04/2021","03","0.170","1"
"Pisticci","p-Xilene","µg/m≥","17/04/2021","04","0.110","1"
"Pisticci","p-Xilene","µg/m≥","17/04/2021","05","0.140","1"
"Pisticci","p-Xilene","µg/m≥","17/04/2021","06","0.230","1"
"Pisticci","p-Xilene","µg/m≥","17/04/2021","07","0.130","1"
"Pisticci","p-Xilene","µg/m≥","17/04/2021","08","0.220","1"
"Pisticci","p-Xilene","µg/m≥","17/04/2021","09","0.160","1"
"Pisticci","p-Xilene","µg/m≥","17/04/2021","10","0.260","1"
"Pisticci","p-Xilene","µg/m≥","17/04/2021","11","0.110","1"
"Pisticci","p-Xilene","µg/m≥","17/04/2021","12","0.200","1"
"Pisticci","p-Xilene","µg/m≥","17/04/2021","13","0.150","1"
"Pisticci","p-Xilene","µg/m≥","17/04/2021","14","0.070","1"
"Pisticci","p-Xilene","µg/m≥","17/04/2021","15","0.100","1"
"Pisticci","p-Xilene","µg/m≥","17/04/2021","16","0.150","1"
"Pisticci","p-Xilene","µg/m≥","17/04/2021","17","0.160","1"
"Pisticci","p-Xilene","µg/m≥","17/04/2021","18","0.090","1"
"Pisticci","p-Xilene","µg/m≥","17/04/2021","19","0.150","1"
"Pisticci","p-Xilene","µg/m≥","17/04/2021","20","0.110","1"
"Pisticci","p-Xilene","µg/m≥","17/04/2021","21","0.170","1"
"Pisticci","p-Xilene","µg/m≥","17/04/2021","22","0.120","1"
"Pisticci","p-Xilene","µg/m≥","17/04/2021","23","0.130","1"
"Pisticci","p-Xilene","µg/m≥","17/04/2021","24","0.170","1"
"Pisticci","p-Xilene","µg/m≥","18/04/2021","01","0.110","1"
"Pisticci","p-Xilene","µg/m≥","18/04/2021","02","0.160","1"
"Pisticci","p-Xilene","µg/m≥","18/04/2021","03","0.140","1"
"Pisticci","p-Xilene","µg/m≥","18/04/2021","04","0.240","1"
"Pisticci","p-Xilene","µg/m≥","18/04/2021","05","0.270","1"
"Pisticci","p-Xilene","µg/m≥","18/04/2021","06","0.250","1"
"Pisticci","p-Xilene","µg/m≥","18/04/2021","07","0.320","1"
"Pisticci","p-Xilene","µg/m≥","18/04/2021","08","0.230","1"
"Pisticci","p-Xilene","µg/m≥","18/04/2021","09","0.360","1"
"Pisticci","p-Xilene","µg/m≥","18/04/2021","10","0.240","1"
"Pisticci","p-Xilene","µg/m≥","18/04/2021","11","0.300","1"
"Pisticci","p-Xilene","µg/m≥","18/04/2021","12","0.390","1"
"Pisticci","p-Xilene","µg/m≥","18/04/2021","13","0.290","1"
"Pisticci","p-Xilene","µg/m≥","18/04/2021","14","0.260","1"
"Pisticci","p-Xilene","µg/m≥","18/04/2021","15","0.540","1"
"Pisticci","p-Xilene","µg/m≥","18/04/2021","16","0.280","1"
"Pisticci","p-Xilene","µg/m≥","18/04/2021","17","0.430","1"
"Pisticci","p-Xilene","µg/m≥","18/04/2021","18","0.300","1"
"Pisticci","p-Xilene","µg/m≥","18/04/2021","19","0.160","1"
"Pisticci","p-Xilene","µg/m≥","18/04/2021","20","0.370","1"
"Pisticci","p-Xilene","µg/m≥","18/04/2021","21","0.360","1"
"Pisticci","p-Xilene","µg/m≥","18/04/2021","22","0.610","1"
"Pisticci","p-Xilene","µg/m≥","18/04/2021","23","0.290","1"
"Pisticci","p-Xilene","µg/m≥","18/04/2021","24","0.570","1"
"Pisticci","p-Xilene","µg/m≥","19/04/2021","01","0.520","1"
"Pisticci","p-Xilene","µg/m≥","19/04/2021","02","0.540","1"
"Pisticci","p-Xilene","µg/m≥","19/04/2021","03","0.250","1"
"Pisticci","p-Xilene","µg/m≥","19/04/2021","04","0.380","1"
"Pisticci","p-Xilene","µg/m≥","19/04/2021","05","0.890","1"
"Pisticci","p-Xilene","µg/m≥","19/04/2021","06","0.410","1"
"Pisticci","p-Xilene","µg/m≥","19/04/2021","07","0.580","1"
"Pisticci","p-Xilene","µg/m≥","19/04/2021","08","0.700","1"
"Pisticci","p-Xilene","µg/m≥","19/04/2021","09","0.650","1"
"Pisticci","p-Xilene","µg/m≥","19/04/2021","10","0.240","1"
"Pisticci","p-Xilene","µg/m≥","19/04/2021","11","0.200","1"
"Pisticci","p-Xilene","µg/m≥","19/04/2021","12","0.190","1"
"Pisticci","p-Xilene","µg/m≥","19/04/2021","13","0.160","1"
"Pisticci","p-Xilene","µg/m≥","19/04/2021","14","0.140","1"
"Pisticci","p-Xilene","µg/m≥","19/04/2021","15","0.080","1"
"Pisticci","p-Xilene","µg/m≥","19/04/2021","16","0.220","1"
"Pisticci","p-Xilene","µg/m≥","19/04/2021","17","0.150","1"
"Pisticci","p-Xilene","µg/m≥","19/04/2021","18","0.210","1"
"Pisticci","p-Xilene","µg/m≥","19/04/2021","19","0.070","1"
"Pisticci","p-Xilene","µg/m≥","19/04/2021","20","0.230","1"
"Pisticci","p-Xilene","µg/m≥","19/04/2021","21","0.340","1"
"Pisticci","p-Xilene","µg/m≥","19/04/2021","22","0.190","1"
"Pisticci","p-Xilene","µg/m≥","19/04/2021","23","0.080","1"
"Pisticci","p-Xilene","µg/m≥","19/04/2021","24","0.050","1"
"Pisticci","p-Xilene","µg/m≥","20/04/2021","01","0.120","1"
"Pisticci","p-Xilene","µg/m≥","20/04/2021","02","0.220","1"
"Pisticci","p-Xilene","µg/m≥","20/04/2021","03","0.320","1"
"Pisticci","p-Xilene","µg/m≥","20/04/2021","04","0.350","1"
"Pisticci","p-Xilene","µg/m≥","20/04/2021","05","0.260","1"
"Pisticci","p-Xilene","µg/m≥","20/04/2021","06","0.340","1"
"Pisticci","p-Xilene","µg/m≥","20/04/2021","07","0.530","1"
"Pisticci","p-Xilene","µg/m≥","20/04/2021","08","-9999","-1"
"Pisticci","p-Xilene","µg/m≥","20/04/2021","09","-9999","-1"
"Pisticci","p-Xilene","µg/m≥","20/04/2021","10","-9999","-1"
"Pisticci","p-Xilene","µg/m≥","20/04/2021","11","-9999","-1"
"Pisticci","p-Xilene","µg/m≥","20/04/2021","12","-9999","-1"
"Pisticci","p-Xilene","µg/m≥","20/04/2021","13","-9999","-1"
"Pisticci","p-Xilene","µg/m≥","20/04/2021","14","-9999","-1"
"Pisticci","p-Xilene","µg/m≥","20/04/2021","15","-9999","-1"
"Pisticci","p-Xilene","µg/m≥","20/04/2021","16","-9999","-1"
"Pisticci","p-Xilene","µg/m≥","20/04/2021","17","-9999","-1"
"Pisticci","p-Xilene","µg/m≥","20/04/2021","18","1.230","-1"
"Pisticci","p-Xilene","µg/m≥","20/04/2021","19","0.180","1"
"Pisticci","p-Xilene","µg/m≥","20/04/2021","20","0.340","1"
"Pisticci","p-Xilene","µg/m≥","20/04/2021","21","0.110","1"
"Pisticci","p-Xilene","µg/m≥","20/04/2021","22","0.130","1"
"Pisticci","p-Xilene","µg/m≥","20/04/2021","23","0.140","1"
"Pisticci","p-Xilene","µg/m≥","20/04/2021","24","0.170","1"
"Pisticci","p-Xilene","µg/m≥","21/04/2021","01","0.080","1"
"Pisticci","p-Xilene","µg/m≥","21/04/2021","02","0.250","1"
"Pisticci","p-Xilene","µg/m≥","21/04/2021","03","0.120","1"
"Pisticci","p-Xilene","µg/m≥","21/04/2021","04","0.150","1"
"Pisticci","p-Xilene","µg/m≥","21/04/2021","05","0.140","1"
"Pisticci","p-Xilene","µg/m≥","21/04/2021","06","0.220","1"
"Pisticci","p-Xilene","µg/m≥","21/04/2021","07","0.150","1"
"Pisticci","p-Xilene","µg/m≥","21/04/2021","08","1.130","1"
"Pisticci","p-Xilene","µg/m≥","21/04/2021","09","0.640","1"
"Pisticci","p-Xilene","µg/m≥","21/04/2021","10","0.610","1"
"Pisticci","p-Xilene","µg/m≥","21/04/2021","11","-9999","-1"
"Pisticci","p-Xilene","µg/m≥","21/04/2021","12","0.100","1"
"Pisticci","p-Xilene","µg/m≥","21/04/2021","13","0.190","1"
"Pisticci","p-Xilene","µg/m≥","21/04/2021","14","0.440","1"
"Pisticci","p-Xilene","µg/m≥","21/04/2021","15","0.330","1"
"Pisticci","p-Xilene","µg/m≥","21/04/2021","16","0.170","1"
"Pisticci","p-Xilene","µg/m≥","21/04/2021","17","0.950","1"
"Pisticci","p-Xilene","µg/m≥","21/04/2021","18","0.190","1"
"Pisticci","p-Xilene","µg/m≥","21/04/2021","19","0.250","1"
"Pisticci","p-Xilene","µg/m≥","21/04/2021","20","0.180","1"
"Pisticci","p-Xilene","µg/m≥","21/04/2021","21","0.150","1"
"Pisticci","p-Xilene","µg/m≥","21/04/2021","22","0.050","1"
"Pisticci","p-Xilene","µg/m≥","21/04/2021","23","0.050","1"
"Pisticci","p-Xilene","µg/m≥","21/04/2021","24","0.050","1"
"Pisticci","p-Xilene","µg/m≥","22/04/2021","01","0.110","1"
"Pisticci","p-Xilene","µg/m≥","22/04/2021","02","0.080","1"
"Pisticci","p-Xilene","µg/m≥","22/04/2021","03","0.080","1"
"Pisticci","p-Xilene","µg/m≥","22/04/2021","04","0.080","1"
"Pisticci","p-Xilene","µg/m≥","22/04/2021","05","0.110","1"
"Pisticci","p-Xilene","µg/m≥","22/04/2021","06","0.110","1"
"Pisticci","p-Xilene","µg/m≥","22/04/2021","07","0.160","1"
"Pisticci","p-Xilene","µg/m≥","22/04/2021","08","0.090","1"
"Pisticci","p-Xilene","µg/m≥","22/04/2021","09","0.070","1"
"Pisticci","p-Xilene","µg/m≥","22/04/2021","10","0.140","1"
"Pisticci","p-Xilene","µg/m≥","22/04/2021","11","0.120","1"
"Pisticci","p-Xilene","µg/m≥","22/04/2021","12","0.100","1"
"Pisticci","p-Xilene","µg/m≥","22/04/2021","13","0.090","1"
"Pisticci","p-Xilene","µg/m≥","22/04/2021","14","0.140","1"
"Pisticci","p-Xilene","µg/m≥","22/04/2021","15","0.090","1"
"Pisticci","p-Xilene","µg/m≥","22/04/2021","16","0.190","1"
"Pisticci","p-Xilene","µg/m≥","22/04/2021","17","0.100","1"
"Pisticci","p-Xilene","µg/m≥","22/04/2021","18","0.050","1"
"Pisticci","p-Xilene","µg/m≥","22/04/2021","19","0.040","1"
"Pisticci","p-Xilene","µg/m≥","22/04/2021","20","0.100","1"
"Pisticci","p-Xilene","µg/m≥","22/04/2021","21","0.140","1"
"Pisticci","p-Xilene","µg/m≥","22/04/2021","22","0.030","1"
"Pisticci","p-Xilene","µg/m≥","22/04/2021","23","0.140","1"
"Pisticci","p-Xilene","µg/m≥","22/04/2021","24","0.280","1"
"Pisticci","p-Xilene","µg/m≥","23/04/2021","01","0.120","1"
"Pisticci","p-Xilene","µg/m≥","23/04/2021","02","0.070","1"
"Pisticci","p-Xilene","µg/m≥","23/04/2021","03","0.030","1"
"Pisticci","p-Xilene","µg/m≥","23/04/2021","04","0.050","1"
"Pisticci","p-Xilene","µg/m≥","23/04/2021","05","0.040","1"
"Pisticci","p-Xilene","µg/m≥","23/04/2021","06","0.050","1"
"Pisticci","p-Xilene","µg/m≥","23/04/2021","07","0.110","1"
"Pisticci","p-Xilene","µg/m≥","23/04/2021","08","0.070","1"
"Pisticci","p-Xilene","µg/m≥","23/04/2021","09","0.140","1"
"Pisticci","p-Xilene","µg/m≥","23/04/2021","10","0.120","1"
"Pisticci","p-Xilene","µg/m≥","23/04/2021","11","0.080","1"
"Pisticci","p-Xilene","µg/m≥","23/04/2021","12","0.050","1"
"Pisticci","p-Xilene","µg/m≥","23/04/2021","13","0.070","1"
"Pisticci","p-Xilene","µg/m≥","23/04/2021","14","0.040","1"
"Pisticci","p-Xilene","µg/m≥","23/04/2021","15","0.040","1"
"Pisticci","p-Xilene","µg/m≥","23/04/2021","16","0.070","1"
"Pisticci","p-Xilene","µg/m≥","23/04/2021","17","0.060","1"
"Pisticci","p-Xilene","µg/m≥","23/04/2021","18","0.020","1"
"Pisticci","p-Xilene","µg/m≥","23/04/2021","19","0.050","1"
"Pisticci","p-Xilene","µg/m≥","23/04/2021","20","0.040","1"
"Pisticci","p-Xilene","µg/m≥","23/04/2021","21","0.090","1"
"Pisticci","p-Xilene","µg/m≥","23/04/2021","22","0.030","1"
"Pisticci","p-Xilene","µg/m≥","23/04/2021","23","0.070","1"
"Pisticci","p-Xilene","µg/m≥","23/04/2021","24","0.050","1"
"Pisticci","p-Xilene","µg/m≥","24/04/2021","01","0.040","1"
"Pisticci","p-Xilene","µg/m≥","24/04/2021","02","0.040","1"
"Pisticci","p-Xilene","µg/m≥","24/04/2021","03","0.040","1"
"Pisticci","p-Xilene","µg/m≥","24/04/2021","04","0.060","1"
"Pisticci","p-Xilene","µg/m≥","24/04/2021","05","0.070","1"
"Pisticci","p-Xilene","µg/m≥","24/04/2021","06","0.050","1"
"Pisticci","p-Xilene","µg/m≥","24/04/2021","07","0.050","1"
"Pisticci","p-Xilene","µg/m≥","24/04/2021","08","0.050","1"
"Pisticci","p-Xilene","µg/m≥","24/04/2021","09","0.230","1"
"Pisticci","p-Xilene","µg/m≥","24/04/2021","10","0.050","1"
"Pisticci","p-Xilene","µg/m≥","24/04/2021","11","0.050","1"
"Pisticci","p-Xilene","µg/m≥","24/04/2021","12","0.080","1"
"Pisticci","p-Xilene","µg/m≥","24/04/2021","13","0.100","1"
"Pisticci","p-Xilene","µg/m≥","24/04/2021","14","0.200","1"
"Pisticci","p-Xilene","µg/m≥","24/04/2021","15","0.050","1"
"Pisticci","p-Xilene","µg/m≥","24/04/2021","16","0.130","1"
"Pisticci","p-Xilene","µg/m≥","24/04/2021","17","0.070","1"
"Pisticci","p-Xilene","µg/m≥","24/04/2021","18","0.030","1"
"Pisticci","p-Xilene","µg/m≥","24/04/2021","19","0.060","1"
"Pisticci","p-Xilene","µg/m≥","24/04/2021","20","0.080","1"
"Pisticci","p-Xilene","µg/m≥","24/04/2021","21","0.140","1"
"Pisticci","p-Xilene","µg/m≥","24/04/2021","22","0.180","1"
"Pisticci","p-Xilene","µg/m≥","24/04/2021","23","0.120","1"
"Pisticci","p-Xilene","µg/m≥","24/04/2021","24","0.040","1"
"Pisticci","p-Xilene","µg/m≥","25/04/2021","01","0.090","1"
"Pisticci","p-Xilene","µg/m≥","25/04/2021","02","0.070","1"
"Pisticci","p-Xilene","µg/m≥","25/04/2021","03","0.170","1"
"Pisticci","p-Xilene","µg/m≥","25/04/2021","04","0.050","1"
"Pisticci","p-Xilene","µg/m≥","25/04/2021","05","0.070","1"
"Pisticci","p-Xilene","µg/m≥","25/04/2021","06","0.090","1"
"Pisticci","p-Xilene","µg/m≥","25/04/2021","07","0.100","1"
"Pisticci","p-Xilene","µg/m≥","25/04/2021","08","0.080","1"
"Pisticci","p-Xilene","µg/m≥","25/04/2021","09","0.030","1"
"Pisticci","p-Xilene","µg/m≥","25/04/2021","10","0.060","1"
"Pisticci","p-Xilene","µg/m≥","25/04/2021","11","0.130","1"
"Pisticci","p-Xilene","µg/m≥","25/04/2021","12","0.110","1"
"Pisticci","p-Xilene","µg/m≥","25/04/2021","13","0.070","1"
"Pisticci","p-Xilene","µg/m≥","25/04/2021","14","0.050","1"
"Pisticci","p-Xilene","µg/m≥","25/04/2021","15","0.050","1"
"Pisticci","p-Xilene","µg/m≥","25/04/2021","16","0.060","1"
"Pisticci","p-Xilene","µg/m≥","25/04/2021","17","0.030","1"
"Pisticci","p-Xilene","µg/m≥","25/04/2021","18","0.050","1"
"Pisticci","p-Xilene","µg/m≥","25/04/2021","19","0.160","1"
"Pisticci","p-Xilene","µg/m≥","25/04/2021","20","0.070","1"
"Pisticci","p-Xilene","µg/m≥","25/04/2021","21","0.230","1"
"Pisticci","p-Xilene","µg/m≥","25/04/2021","22","0.480","1"
"Pisticci","p-Xilene","µg/m≥","25/04/2021","23","0.050","1"
"Pisticci","p-Xilene","µg/m≥","25/04/2021","24","0.060","1"
"Pisticci","p-Xilene","µg/m≥","26/04/2021","01","0.030","1"
"Pisticci","p-Xilene","µg/m≥","26/04/2021","02","0.060","1"
"Pisticci","p-Xilene","µg/m≥","26/04/2021","03","0.100","1"
"Pisticci","p-Xilene","µg/m≥","26/04/2021","04","0.080","1"
"Pisticci","p-Xilene","µg/m≥","26/04/2021","05","0.040","1"
"Pisticci","p-Xilene","µg/m≥","26/04/2021","06","0.040","1"
"Pisticci","p-Xilene","µg/m≥","26/04/2021","07","0.070","1"
"Pisticci","p-Xilene","µg/m≥","26/04/2021","08","0.090","1"
"Pisticci","p-Xilene","µg/m≥","26/04/2021","09","1.030","1"
"Pisticci","p-Xilene","µg/m≥","26/04/2021","10","0.560","1"
"Pisticci","p-Xilene","µg/m≥","26/04/2021","11","1.060","1"
"Pisticci","p-Xilene","µg/m≥","26/04/2021","12","3.790","1"
"Pisticci","p-Xilene","µg/m≥","26/04/2021","13","0.540","1"
"Pisticci","p-Xilene","µg/m≥","26/04/2021","14","0.420","1"
"Pisticci","p-Xilene","µg/m≥","26/04/2021","15","0.030","1"
"Pisticci","p-Xilene","µg/m≥","26/04/2021","16","0.050","1"
"Pisticci","p-Xilene","µg/m≥","26/04/2021","17","0.060","1"
"Pisticci","p-Xilene","µg/m≥","26/04/2021","18","0.030","1"
"Pisticci","p-Xilene","µg/m≥","26/04/2021","19","0.110","1"
"Pisticci","p-Xilene","µg/m≥","26/04/2021","20","0.190","1"
"Pisticci","p-Xilene","µg/m≥","26/04/2021","21","0.020","1"
"Pisticci","p-Xilene","µg/m≥","26/04/2021","22","0.030","1"
"Pisticci","p-Xilene","µg/m≥","26/04/2021","23","0.100","1"
"Pisticci","p-Xilene","µg/m≥","26/04/2021","24","0.040","1"
"Pisticci","p-Xilene","µg/m≥","27/04/2021","01","0.140","1"
"Pisticci","p-Xilene","µg/m≥","27/04/2021","02","0.090","1"
"Pisticci","p-Xilene","µg/m≥","27/04/2021","03","0.030","1"
"Pisticci","p-Xilene","µg/m≥","27/04/2021","04","0.070","1"
"Pisticci","p-Xilene","µg/m≥","27/04/2021","05","0.020","1"
"Pisticci","p-Xilene","µg/m≥","27/04/2021","06","0.030","1"
"Pisticci","p-Xilene","µg/m≥","27/04/2021","07","0.030","1"
"Pisticci","p-Xilene","µg/m≥","27/04/2021","08","0.100","1"
"Pisticci","p-Xilene","µg/m≥","27/04/2021","09","0.520","1"
"Pisticci","p-Xilene","µg/m≥","27/04/2021","10","0.310","1"
"Pisticci","p-Xilene","µg/m≥","27/04/2021","11","0.030","1"
"Pisticci","p-Xilene","µg/m≥","27/04/2021","12","0.110","1"
"Pisticci","p-Xilene","µg/m≥","27/04/2021","13","0.040","1"
"Pisticci","p-Xilene","µg/m≥","27/04/2021","14","0.020","1"
"Pisticci","p-Xilene","µg/m≥","27/04/2021","15","0.080","1"
"Pisticci","p-Xilene","µg/m≥","27/04/2021","16","0.010","1"
"Pisticci","p-Xilene","µg/m≥","27/04/2021","17","0.080","1"
"Pisticci","p-Xilene","µg/m≥","27/04/2021","18","0.010","1"
"Pisticci","p-Xilene","µg/m≥","27/04/2021","19","0.060","1"
"Pisticci","p-Xilene","µg/m≥","27/04/2021","20","0.170","1"
"Pisticci","p-Xilene","µg/m≥","27/04/2021","21","0.040","1"
"Pisticci","p-Xilene","µg/m≥","27/04/2021","22","0.010","1"
"Pisticci","p-Xilene","µg/m≥","27/04/2021","23","0.020","1"
"Pisticci","p-Xilene","µg/m≥","27/04/2021","24","0.080","1"
"Pisticci","p-Xilene","µg/m≥","28/04/2021","01","0.040","1"
"Pisticci","p-Xilene","µg/m≥","28/04/2021","02","0.130","1"
"Pisticci","p-Xilene","µg/m≥","28/04/2021","03","0.020","1"
"Pisticci","p-Xilene","µg/m≥","28/04/2021","04","0.110","1"
"Pisticci","p-Xilene","µg/m≥","28/04/2021","05","0.030","1"
"Pisticci","p-Xilene","µg/m≥","28/04/2021","06","0.050","1"
"Pisticci","p-Xilene","µg/m≥","28/04/2021","07","0.040","1"
"Pisticci","p-Xilene","µg/m≥","28/04/2021","08","0.130","1"
"Pisticci","p-Xilene","µg/m≥","28/04/2021","09","0.040","1"
"Pisticci","p-Xilene","µg/m≥","28/04/2021","10","5.990","1"
"Pisticci","p-Xilene","µg/m≥","28/04/2021","11","5.070","1"
"Pisticci","p-Xilene","µg/m≥","28/04/2021","12","1.620","1"
"Pisticci","p-Xilene","µg/m≥","28/04/2021","13","0.590","1"
"Pisticci","p-Xilene","µg/m≥","28/04/2021","14","0.330","1"
"Pisticci","p-Xilene","µg/m≥","28/04/2021","15","0.190","1"
"Pisticci","p-Xilene","µg/m≥","28/04/2021","16","0.120","1"
"Pisticci","p-Xilene","µg/m≥","28/04/2021","17","0.170","1"
"Pisticci","p-Xilene","µg/m≥","28/04/2021","18","0.130","1"
"Pisticci","p-Xilene","µg/m≥","28/04/2021","19","0.160","1"
"Pisticci","p-Xilene","µg/m≥","28/04/2021","20","0.260","1"
"Pisticci","p-Xilene","µg/m≥","28/04/2021","21","0.220","1"
"Pisticci","p-Xilene","µg/m≥","28/04/2021","22","0.100","1"
"Pisticci","p-Xilene","µg/m≥","28/04/2021","23","0.120","1"
"Pisticci","p-Xilene","µg/m≥","28/04/2021","24","0.120","1"
"Pisticci","p-Xilene","µg/m≥","29/04/2021","01","0.130","1"
"Pisticci","p-Xilene","µg/m≥","29/04/2021","02","0.060","1"
"Pisticci","p-Xilene","µg/m≥","29/04/2021","03","0.100","1"
"Pisticci","p-Xilene","µg/m≥","29/04/2021","04","0.190","1"
"Pisticci","p-Xilene","µg/m≥","29/04/2021","05","0.180","1"
"Pisticci","p-Xilene","µg/m≥","29/04/2021","06","0.180","1"
"Pisticci","p-Xilene","µg/m≥","29/04/2021","07","0.150","1"
"Pisticci","p-Xilene","µg/m≥","29/04/2021","08","0.220","1"
"Pisticci","p-Xilene","µg/m≥","29/04/2021","09","0.340","1"
"Pisticci","p-Xilene","µg/m≥","29/04/2021","10","0.340","1"
"Pisticci","p-Xilene","µg/m≥","29/04/2021","11","0.370","1"
"Pisticci","p-Xilene","µg/m≥","29/04/2021","12","0.100","1"
"Pisticci","p-Xilene","µg/m≥","29/04/2021","13","0.150","1"
"Pisticci","p-Xilene","µg/m≥","29/04/2021","14","0.020","1"
"Pisticci","p-Xilene","µg/m≥","29/04/2021","15","0.040","1"
"Pisticci","p-Xilene","µg/m≥","29/04/2021","16","-9999","-1"
"Pisticci","p-Xilene","µg/m≥","29/04/2021","17","-9999","-1"
"Pisticci","p-Xilene","µg/m≥","29/04/2021","18","0.690","1"
"Pisticci","p-Xilene","µg/m≥","29/04/2021","19","0.610","1"
"Pisticci","p-Xilene","µg/m≥","29/04/2021","20","0.130","1"
"Pisticci","p-Xilene","µg/m≥","29/04/2021","21","0.410","1"
"Pisticci","p-Xilene","µg/m≥","29/04/2021","22","0.430","1"
"Pisticci","p-Xilene","µg/m≥","29/04/2021","23","0.220","1"
"Pisticci","p-Xilene","µg/m≥","29/04/2021","24","0.450","1"
"Pisticci","p-Xilene","µg/m≥","30/04/2021","01","0.170","1"
"Pisticci","p-Xilene","µg/m≥","30/04/2021","02","0.050","1"
"Pisticci","p-Xilene","µg/m≥","30/04/2021","03","0.150","1"
"Pisticci","p-Xilene","µg/m≥","30/04/2021","04","0.280","1"
"Pisticci","p-Xilene","µg/m≥","30/04/2021","05","0.100","1"
"Pisticci","p-Xilene","µg/m≥","30/04/2021","06","0.030","1"
"Pisticci","p-Xilene","µg/m≥","30/04/2021","07","0.150","1"
"Pisticci","p-Xilene","µg/m≥","30/04/2021","08","0.450","-1"
"Pisticci","p-Xilene","µg/m≥","30/04/2021","09","-9999","-1"
"Pisticci","p-Xilene","µg/m≥","30/04/2021","10","-9999","-1"
"Pisticci","p-Xilene","µg/m≥","30/04/2021","11","-9999","-1"
"Pisticci","p-Xilene","µg/m≥","30/04/2021","12","-9999","-1"
"Pisticci","p-Xilene","µg/m≥","30/04/2021","13","-9999","-1"
"Pisticci","p-Xilene","µg/m≥","30/04/2021","14","-9999","-1"
"Pisticci","p-Xilene","µg/m≥","30/04/2021","15","-9999","-1"
"Pisticci","p-Xilene","µg/m≥","30/04/2021","16","-9999","-1"
"Pisticci","p-Xilene","µg/m≥","30/04/2021","17","1.680","-1"
"Pisticci","p-Xilene","µg/m≥","30/04/2021","18","0.380","-1"
"Pisticci","p-Xilene","µg/m≥","30/04/2021","19","0.380","-1"
"Pisticci","p-Xilene","µg/m≥","30/04/2021","20","0.420","1"
"Pisticci","p-Xilene","µg/m≥","30/04/2021","21","0.200","1"
"Pisticci","p-Xilene","µg/m≥","30/04/2021","22","0.210","1"
"Pisticci","p-Xilene","µg/m≥","30/04/2021","23","0.300","1"
"Pisticci","p-Xilene","µg/m≥","30/04/2021","24","0.270","1"
"Pisticci","p-Xilene","µg/m≥","01/05/2021","01","0.130","1"
"Pisticci","p-Xilene","µg/m≥","01/05/2021","02","0.220","1"
"Pisticci","p-Xilene","µg/m≥","01/05/2021","03","0.050","1"
"Pisticci","p-Xilene","µg/m≥","01/05/2021","04","0.290","1"
"Pisticci","p-Xilene","µg/m≥","01/05/2021","05","0.100","1"
"Pisticci","p-Xilene","µg/m≥","01/05/2021","06","0.170","1"
"Pisticci","p-Xilene","µg/m≥","01/05/2021","07","0.170","1"
"Pisticci","p-Xilene","µg/m≥","01/05/2021","08","0.250","1"
"Pisticci","p-Xilene","µg/m≥","01/05/2021","09","0.030","1"
"Pisticci","p-Xilene","µg/m≥","01/05/2021","10","0.300","1"
"Pisticci","p-Xilene","µg/m≥","01/05/2021","11","0.030","1"
"Pisticci","p-Xilene","µg/m≥","01/05/2021","12","0.060","1"
"Pisticci","p-Xilene","µg/m≥","01/05/2021","13","0.030","1"
"Pisticci","p-Xilene","µg/m≥","01/05/2021","14","0.030","1"
"Pisticci","p-Xilene","µg/m≥","01/05/2021","15","0.050","1"
"Pisticci","p-Xilene","µg/m≥","01/05/2021","16","0.020","1"
"Pisticci","p-Xilene","µg/m≥","01/05/2021","17","0.100","1"
"Pisticci","p-Xilene","µg/m≥","01/05/2021","18","0.150","1"
"Pisticci","p-Xilene","µg/m≥","01/05/2021","19","0.300","1"
"Pisticci","p-Xilene","µg/m≥","01/05/2021","20","0.150","1"
"Pisticci","p-Xilene","µg/m≥","01/05/2021","21","0.220","1"
"Pisticci","p-Xilene","µg/m≥","01/05/2021","22","0.030","1"
"Pisticci","p-Xilene","µg/m≥","01/05/2021","23","0.100","1"
"Pisticci","p-Xilene","µg/m≥","01/05/2021","24","0.110","1"
"Pisticci","p-Xilene","µg/m≥","02/05/2021","01","0.130","1"
"Pisticci","p-Xilene","µg/m≥","02/05/2021","02","0.020","1"
"Pisticci","p-Xilene","µg/m≥","02/05/2021","03","0.210","1"
"Pisticci","p-Xilene","µg/m≥","02/05/2021","04","0.210","1"
"Pisticci","p-Xilene","µg/m≥","02/05/2021","05","0.200","1"
"Pisticci","p-Xilene","µg/m≥","02/05/2021","06","0.110","1"
"Pisticci","p-Xilene","µg/m≥","02/05/2021","07","0.090","1"
"Pisticci","p-Xilene","µg/m≥","02/05/2021","08","0.030","1"
"Pisticci","p-Xilene","µg/m≥","02/05/2021","09","0.070","1"
"Pisticci","p-Xilene","µg/m≥","02/05/2021","10","0.070","1"
"Pisticci","p-Xilene","µg/m≥","02/05/2021","11","0.140","1"
"Pisticci","p-Xilene","µg/m≥","02/05/2021","12","0.040","1"
"Pisticci","p-Xilene","µg/m≥","02/05/2021","13","0.030","1"
"Pisticci","p-Xilene","µg/m≥","02/05/2021","14","0.030","1"
"Pisticci","p-Xilene","µg/m≥","02/05/2021","15","0.060","1"
"Pisticci","p-Xilene","µg/m≥","02/05/2021","16","0.050","1"
"Pisticci","p-Xilene","µg/m≥","02/05/2021","17","0.020","1"
"Pisticci","p-Xilene","µg/m≥","02/05/2021","18","0.040","1"
"Pisticci","p-Xilene","µg/m≥","02/05/2021","19","0.040","1"
"Pisticci","p-Xilene","µg/m≥","02/05/2021","20","0.040","1"
"Pisticci","p-Xilene","µg/m≥","02/05/2021","21","0.040","1"
"Pisticci","p-Xilene","µg/m≥","02/05/2021","22","0.020","1"
"Pisticci","p-Xilene","µg/m≥","02/05/2021","23","0.020","1"
"Pisticci","p-Xilene","µg/m≥","02/05/2021","24","0.030","1"
"Pisticci","p-Xilene","µg/m≥","03/05/2021","01","0.010","1"
"Pisticci","p-Xilene","µg/m≥","03/05/2021","02","0.020","1"
"Pisticci","p-Xilene","µg/m≥","03/05/2021","03","0.070","1"
"Pisticci","p-Xilene","µg/m≥","03/05/2021","04","0.040","1"
"Pisticci","p-Xilene","µg/m≥","03/05/2021","05","0.050","1"
"Pisticci","p-Xilene","µg/m≥","03/05/2021","06","0.030","1"
"Pisticci","p-Xilene","µg/m≥","03/05/2021","07","0.020","1"
"Pisticci","p-Xilene","µg/m≥","03/05/2021","08","0.200","1"
"Pisticci","p-Xilene","µg/m≥","03/05/2021","09","0.040","1"
"Pisticci","p-Xilene","µg/m≥","03/05/2021","10","0.160","1"
"Pisticci","p-Xilene","µg/m≥","03/05/2021","11","0.030","1"
"Pisticci","p-Xilene","µg/m≥","03/05/2021","12","0.030","1"
"Pisticci","p-Xilene","µg/m≥","03/05/2021","13","0.050","1"
"Pisticci","p-Xilene","µg/m≥","03/05/2021","14","0.030","1"
"Pisticci","p-Xilene","µg/m≥","03/05/2021","15","0.040","1"
"Pisticci","p-Xilene","µg/m≥","03/05/2021","16","0.060","1"
"Pisticci","p-Xilene","µg/m≥","03/05/2021","17","0.030","1"
"Pisticci","p-Xilene","µg/m≥","03/05/2021","18","0.070","1"
"Pisticci","p-Xilene","µg/m≥","03/05/2021","19","0.320","1"
"Pisticci","p-Xilene","µg/m≥","03/05/2021","20","0.170","1"
"Pisticci","p-Xilene","µg/m≥","03/05/2021","21","0.420","1"
"Pisticci","p-Xilene","µg/m≥","03/05/2021","22","0.380","1"
"Pisticci","p-Xilene","µg/m≥","03/05/2021","23","0.290","1"
"Pisticci","p-Xilene","µg/m≥","03/05/2021","24","0.340","1"
"Pisticci","p-Xilene","µg/m≥","04/05/2021","01","0.200","1"
"Pisticci","p-Xilene","µg/m≥","04/05/2021","02","0.080","1"
"Pisticci","p-Xilene","µg/m≥","04/05/2021","03","0.150","1"
"Pisticci","p-Xilene","µg/m≥","04/05/2021","04","0.140","1"
"Pisticci","p-Xilene","µg/m≥","04/05/2021","05","0.070","1"
"Pisticci","p-Xilene","µg/m≥","04/05/2021","06","0.070","1"
"Pisticci","p-Xilene","µg/m≥","04/05/2021","07","0.070","1"
"Pisticci","p-Xilene","µg/m≥","04/05/2021","08","0.130","1"
"Pisticci","p-Xilene","µg/m≥","04/05/2021","09","0.260","1"
"Pisticci","p-Xilene","µg/m≥","04/05/2021","10","0.170","1"
"Pisticci","p-Xilene","µg/m≥","04/05/2021","11","0.290","1"
"Pisticci","p-Xilene","µg/m≥","04/05/2021","12","0.120","1"
"Pisticci","p-Xilene","µg/m≥","04/05/2021","13","0.200","1"
"Pisticci","p-Xilene","µg/m≥","04/05/2021","14","0.240","1"
"Pisticci","p-Xilene","µg/m≥","04/05/2021","15","0.120","1"
"Pisticci","p-Xilene","µg/m≥","04/05/2021","16","0.120","1"
"Pisticci","p-Xilene","µg/m≥","04/05/2021","17","0.070","1"
"Pisticci","p-Xilene","µg/m≥","04/05/2021","18","0.110","1"
"Pisticci","p-Xilene","µg/m≥","04/05/2021","19","0.130","1"
"Pisticci","p-Xilene","µg/m≥","04/05/2021","20","0.170","1"
"Pisticci","p-Xilene","µg/m≥","04/05/2021","21","0.080","1"
"Pisticci","p-Xilene","µg/m≥","04/05/2021","22","0.080","1"
"Pisticci","p-Xilene","µg/m≥","04/05/2021","23","0.020","1"
"Pisticci","p-Xilene","µg/m≥","04/05/2021","24","0.110","1"
"Pisticci","p-Xilene","µg/m≥","05/05/2021","01","0.160","1"
"Pisticci","p-Xilene","µg/m≥","05/05/2021","02","0.150","1"
"Pisticci","p-Xilene","µg/m≥","05/05/2021","03","0.190","1"
"Pisticci","p-Xilene","µg/m≥","05/05/2021","04","0.240","1"
"Pisticci","p-Xilene","µg/m≥","05/05/2021","05","0.140","1"
"Pisticci","p-Xilene","µg/m≥","05/05/2021","06","0.160","1"
"Pisticci","p-Xilene","µg/m≥","05/05/2021","07","0.050","1"
"Pisticci","p-Xilene","µg/m≥","05/05/2021","08","0.210","1"
"Pisticci","p-Xilene","µg/m≥","05/05/2021","09","0.240","1"
"Pisticci","p-Xilene","µg/m≥","05/05/2021","10","0.100","1"
"Pisticci","p-Xilene","µg/m≥","05/05/2021","11","0.090","-1"
"Pisticci","p-Xilene","µg/m≥","05/05/2021","12","0.100","1"
"Pisticci","p-Xilene","µg/m≥","05/05/2021","13","0.100","-1"
"Pisticci","p-Xilene","µg/m≥","05/05/2021","14","0.050","1"
"Pisticci","p-Xilene","µg/m≥","05/05/2021","15","0.120","1"
"Pisticci","p-Xilene","µg/m≥","05/05/2021","16","0.100","1"
"Pisticci","p-Xilene","µg/m≥","05/05/2021","17","0.030","1"
"Pisticci","p-Xilene","µg/m≥","05/05/2021","18","0.060","1"
"Pisticci","p-Xilene","µg/m≥","05/05/2021","19","0.050","1"
"Pisticci","p-Xilene","µg/m≥","05/05/2021","20","0.050","1"
"Pisticci","p-Xilene","µg/m≥","05/05/2021","21","0.130","1"
"Pisticci","p-Xilene","µg/m≥","05/05/2021","22","0.020","1"
"Pisticci","p-Xilene","µg/m≥","05/05/2021","23","0.080","1"
"Pisticci","p-Xilene","µg/m≥","05/05/2021","24","0.060","1"
"Pisticci","p-Xilene","µg/m≥","06/05/2021","01","0.110","1"
"Pisticci","p-Xilene","µg/m≥","06/05/2021","02","0.070","1"
"Pisticci","p-Xilene","µg/m≥","06/05/2021","03","0.050","1"
"Pisticci","p-Xilene","µg/m≥","06/05/2021","04","0.080","1"
"Pisticci","p-Xilene","µg/m≥","06/05/2021","05","0.070","1"
"Pisticci","p-Xilene","µg/m≥","06/05/2021","06","0.070","1"
"Pisticci","p-Xilene","µg/m≥","06/05/2021","07","0.110","1"
"Pisticci","p-Xilene","µg/m≥","06/05/2021","08","0.080","1"
"Pisticci","p-Xilene","µg/m≥","06/05/2021","09","0.060","1"
"Pisticci","p-Xilene","µg/m≥","06/05/2021","10","0.280","1"
"Pisticci","p-Xilene","µg/m≥","06/05/2021","11","0.290","1"
"Pisticci","p-Xilene","µg/m≥","06/05/2021","12","0.190","1"
"Pisticci","p-Xilene","µg/m≥","06/05/2021","13","0.050","1"
"Pisticci","p-Xilene","µg/m≥","06/05/2021","14","0.050","1"
"Pisticci","p-Xilene","µg/m≥","06/05/2021","15","0.060","1"
"Pisticci","p-Xilene","µg/m≥","06/05/2021","16","0.200","1"
"Pisticci","p-Xilene","µg/m≥","06/05/2021","17","0.080","1"
"Pisticci","p-Xilene","µg/m≥","06/05/2021","18","0.140","1"
"Pisticci","p-Xilene","µg/m≥","06/05/2021","19","0.100","1"
"Pisticci","p-Xilene","µg/m≥","06/05/2021","20","0.670","1"
"Pisticci","p-Xilene","µg/m≥","06/05/2021","21","0.510","1"
"Pisticci","p-Xilene","µg/m≥","06/05/2021","22","0.170","1"
"Pisticci","p-Xilene","µg/m≥","06/05/2021","23","0.120","1"
"Pisticci","p-Xilene","µg/m≥","06/05/2021","24","0.060","1"
"Pisticci","p-Xilene","µg/m≥","07/05/2021","01","0.060","1"
"Pisticci","p-Xilene","µg/m≥","07/05/2021","02","0.220","1"
"Pisticci","p-Xilene","µg/m≥","07/05/2021","03","0.340","1"
"Pisticci","p-Xilene","µg/m≥","07/05/2021","04","0.160","1"
"Pisticci","p-Xilene","µg/m≥","07/05/2021","05","0.280","1"
"Pisticci","p-Xilene","µg/m≥","07/05/2021","06","0.310","1"
"Pisticci","p-Xilene","µg/m≥","07/05/2021","07","0.200","1"
"Pisticci","p-Xilene","µg/m≥","07/05/2021","08","0.500","1"
"Pisticci","p-Xilene","µg/m≥","07/05/2021","09","0.300","1"
"Pisticci","p-Xilene","µg/m≥","07/05/2021","10","0.370","1"
"Pisticci","p-Xilene","µg/m≥","07/05/2021","11","0.280","1"
"Pisticci","p-Xilene","µg/m≥","07/05/2021","12","0.240","1"
"Pisticci","p-Xilene","µg/m≥","07/05/2021","13","-9999","-1"
"Pisticci","p-Xilene","µg/m≥","07/05/2021","14","-9999","-1"
"Pisticci","p-Xilene","µg/m≥","07/05/2021","15","-9999","-1"
"Pisticci","p-Xilene","µg/m≥","07/05/2021","16","-9999","-1"
"Pisticci","p-Xilene","µg/m≥","07/05/2021","17","-9999","-1"
"Pisticci","p-Xilene","µg/m≥","07/05/2021","18","0.160","1"
"Pisticci","p-Xilene","µg/m≥","07/05/2021","19","0.030","1"
"Pisticci","p-Xilene","µg/m≥","07/05/2021","20","0.060","1"
"Pisticci","p-Xilene","µg/m≥","07/05/2021","21","0.120","1"
"Pisticci","p-Xilene","µg/m≥","07/05/2021","22","0.070","1"
"Pisticci","p-Xilene","µg/m≥","07/05/2021","23","0.140","1"
"Pisticci","p-Xilene","µg/m≥","07/05/2021","24","0.160","1"
"Pisticci","p-Xilene","µg/m≥","08/05/2021","01","0.090","1"
"Pisticci","p-Xilene","µg/m≥","08/05/2021","02","0.280","1"
"Pisticci","p-Xilene","µg/m≥","08/05/2021","03","0.060","1"
"Pisticci","p-Xilene","µg/m≥","08/05/2021","04","0.110","1"
"Pisticci","p-Xilene","µg/m≥","08/05/2021","05","0.270","1"
"Pisticci","p-Xilene","µg/m≥","08/05/2021","06","0.170","1"
"Pisticci","p-Xilene","µg/m≥","08/05/2021","07","0.180","1"
"Pisticci","p-Xilene","µg/m≥","08/05/2021","08","0.080","1"
"Pisticci","p-Xilene","µg/m≥","08/05/2021","09","0.330","1"
"Pisticci","p-Xilene","µg/m≥","08/05/2021","10","0.210","1"
"Pisticci","p-Xilene","µg/m≥","08/05/2021","11","0.060","1"
"Pisticci","p-Xilene","µg/m≥","08/05/2021","12","0.280","1"
"Pisticci","p-Xilene","µg/m≥","08/05/2021","13","0.150","1"
"Pisticci","p-Xilene","µg/m≥","08/05/2021","14","0.040","1"
"Pisticci","p-Xilene","µg/m≥","08/05/2021","15","0.050","1"
"Pisticci","p-Xilene","µg/m≥","08/05/2021","16","0.160","1"
"Pisticci","p-Xilene","µg/m≥","08/05/2021","17","0.160","1"
"Pisticci","p-Xilene","µg/m≥","08/05/2021","18","0.070","1"
"Pisticci","p-Xilene","µg/m≥","08/05/2021","19","0.140","1"
"Pisticci","p-Xilene","µg/m≥","08/05/2021","20","0.160","1"
"Pisticci","p-Xilene","µg/m≥","08/05/2021","21","0.050","1"
"Pisticci","p-Xilene","µg/m≥","08/05/2021","22","0.130","1"
"Pisticci","p-Xilene","µg/m≥","08/05/2021","23","0.120","1"
"Pisticci","p-Xilene","µg/m≥","08/05/2021","24","0.120","1"
"Pisticci","p-Xilene","µg/m≥","09/05/2021","01","0.100","1"
"Pisticci","p-Xilene","µg/m≥","09/05/2021","02","0.070","1"
"Pisticci","p-Xilene","µg/m≥","09/05/2021","03","0.070","1"
"Pisticci","p-Xilene","µg/m≥","09/05/2021","04","0.060","1"
"Pisticci","p-Xilene","µg/m≥","09/05/2021","05","0.010","1"
"Pisticci","p-Xilene","µg/m≥","09/05/2021","06","0.100","1"
"Pisticci","p-Xilene","µg/m≥","09/05/2021","07","0.030","1"
"Pisticci","p-Xilene","µg/m≥","09/05/2021","08","0.030","1"
"Pisticci","p-Xilene","µg/m≥","09/05/2021","09","0.030","1"
"Pisticci","p-Xilene","µg/m≥","09/05/2021","10","0.040","1"
"Pisticci","p-Xilene","µg/m≥","09/05/2021","11","0.030","1"
"Pisticci","p-Xilene","µg/m≥","09/05/2021","12","0.040","1"
"Pisticci","p-Xilene","µg/m≥","09/05/2021","13","0.110","1"
"Pisticci","p-Xilene","µg/m≥","09/05/2021","14","0.030","1"
"Pisticci","p-Xilene","µg/m≥","09/05/2021","15","0.040","1"
"Pisticci","p-Xilene","µg/m≥","09/05/2021","16","0.100","1"
"Pisticci","p-Xilene","µg/m≥","09/05/2021","17","0.100","1"
"Pisticci","p-Xilene","µg/m≥","09/05/2021","18","0.100","1"
"Pisticci","p-Xilene","µg/m≥","09/05/2021","19","0.070","1"
"Pisticci","p-Xilene","µg/m≥","09/05/2021","20","0.030","1"
"Pisticci","p-Xilene","µg/m≥","09/05/2021","21","0.140","1"
"Pisticci","p-Xilene","µg/m≥","09/05/2021","22","0.270","1"
"Pisticci","p-Xilene","µg/m≥","09/05/2021","23","0.120","1"
"Pisticci","p-Xilene","µg/m≥","09/05/2021","24","0.280","1"
"Pisticci","p-Xilene","µg/m≥","10/05/2021","01","0.070","1"
"Pisticci","p-Xilene","µg/m≥","10/05/2021","02","0.050","1"
"Pisticci","p-Xilene","µg/m≥","10/05/2021","03","0.050","1"
"Pisticci","p-Xilene","µg/m≥","10/05/2021","04","0.030","1"
"Pisticci","p-Xilene","µg/m≥","10/05/2021","05","0.050","1"
"Pisticci","p-Xilene","µg/m≥","10/05/2021","06","0.040","1"
"Pisticci","p-Xilene","µg/m≥","10/05/2021","07","0.140","1"
"Pisticci","p-Xilene","µg/m≥","10/05/2021","08","0.120","1"
"Pisticci","p-Xilene","µg/m≥","10/05/2021","09","-9999","-1"
"Pisticci","p-Xilene","µg/m≥","10/05/2021","10","-9999","-1"
"Pisticci","p-Xilene","µg/m≥","10/05/2021","11","-9999","-1"
"Pisticci","p-Xilene","µg/m≥","10/05/2021","12","-9999","-1"
"Pisticci","p-Xilene","µg/m≥","10/05/2021","13","0.820","-1"
"Pisticci","p-Xilene","µg/m≥","10/05/2021","14","0.100","-1"
"Pisticci","p-Xilene","µg/m≥","10/05/2021","15","-9999","-1"
"Pisticci","p-Xilene","µg/m≥","10/05/2021","16","-9999","-1"
"Pisticci","p-Xilene","µg/m≥","10/05/2021","17","-9999","-1"
"Pisticci","p-Xilene","µg/m≥","10/05/2021","18","0.670","-1"
"Pisticci","p-Xilene","µg/m≥","10/05/2021","19","0.240","1"
"Pisticci","p-Xilene","µg/m≥","10/05/2021","20","0.030","1"
"Pisticci","p-Xilene","µg/m≥","10/05/2021","21","0.130","1"
"Pisticci","p-Xilene","µg/m≥","10/05/2021","22","0.110","1"
"Pisticci","p-Xilene","µg/m≥","10/05/2021","23","0.240","1"
"Pisticci","p-Xilene","µg/m≥","10/05/2021","24","0.110","1"
"Pisticci","p-Xilene","µg/m≥","11/05/2021","01","0.030","1"
"Pisticci","p-Xilene","µg/m≥","11/05/2021","02","0.140","1"
"Pisticci","p-Xilene","µg/m≥","11/05/2021","03","0.030","1"
"Pisticci","p-Xilene","µg/m≥","11/05/2021","04","0.170","1"
"Pisticci","p-Xilene","µg/m≥","11/05/2021","05","0.060","1"
"Pisticci","p-Xilene","µg/m≥","11/05/2021","06","0.220","1"
"Pisticci","p-Xilene","µg/m≥","11/05/2021","07","0.070","1"
"Pisticci","p-Xilene","µg/m≥","11/05/2021","08","0.040","1"
"Pisticci","p-Xilene","µg/m≥","11/05/2021","09","-9999","-1"
"Pisticci","p-Xilene","µg/m≥","11/05/2021","10","-9999","-1"
"Pisticci","p-Xilene","µg/m≥","11/05/2021","11","-9999","-1"
"Pisticci","p-Xilene","µg/m≥","11/05/2021","12","0.530","1"
"Pisticci","p-Xilene","µg/m≥","11/05/2021","13","0.070","1"
"Pisticci","p-Xilene","µg/m≥","11/05/2021","14","0.030","1"
"Pisticci","p-Xilene","µg/m≥","11/05/2021","15","0.040","1"
"Pisticci","p-Xilene","µg/m≥","11/05/2021","16","0.110","1"
"Pisticci","p-Xilene","µg/m≥","11/05/2021","17","0.140","1"
"Pisticci","p-Xilene","µg/m≥","11/05/2021","18","0.110","1"
"Pisticci","p-Xilene","µg/m≥","11/05/2021","19","0.020","1"
"Pisticci","p-Xilene","µg/m≥","11/05/2021","20","0.110","1"
"Pisticci","p-Xilene","µg/m≥","11/05/2021","21","0.020","1"
"Pisticci","p-Xilene","µg/m≥","11/05/2021","22","0.110","1"
"Pisticci","p-Xilene","µg/m≥","11/05/2021","23","0.150","1"
"Pisticci","p-Xilene","µg/m≥","11/05/2021","24","0.180","1"
"Pisticci","p-Xilene","µg/m≥","12/05/2021","01","0.120","1"
"Pisticci","p-Xilene","µg/m≥","12/05/2021","02","0.020","1"
"Pisticci","p-Xilene","µg/m≥","12/05/2021","03","0.050","1"
"Pisticci","p-Xilene","µg/m≥","12/05/2021","04","0.030","1"
"Pisticci","p-Xilene","µg/m≥","12/05/2021","05","0.020","1"
"Pisticci","p-Xilene","µg/m≥","12/05/2021","06","0.060","1"
"Pisticci","p-Xilene","µg/m≥","12/05/2021","07","0.020","1"
"Pisticci","p-Xilene","µg/m≥","12/05/2021","08","0.040","1"
"Pisticci","p-Xilene","µg/m≥","12/05/2021","09","0.050","1"
"Pisticci","p-Xilene","µg/m≥","12/05/2021","10","0.040","1"
"Pisticci","p-Xilene","µg/m≥","12/05/2021","11","0.080","1"
"Pisticci","p-Xilene","µg/m≥","12/05/2021","12","0.080","1"
"Pisticci","p-Xilene","µg/m≥","12/05/2021","13","0.130","1"
"Pisticci","p-Xilene","µg/m≥","12/05/2021","14","0.040","1"
"Pisticci","p-Xilene","µg/m≥","12/05/2021","15","0.040","1"
"Pisticci","p-Xilene","µg/m≥","12/05/2021","16","0.070","1"
"Pisticci","p-Xilene","µg/m≥","12/05/2021","17","0.130","1"
"Pisticci","p-Xilene","µg/m≥","12/05/2021","18","0.020","1"
"Pisticci","p-Xilene","µg/m≥","12/05/2021","19","0.040","1"
"Pisticci","p-Xilene","µg/m≥","12/05/2021","20","0.050","1"
"Pisticci","p-Xilene","µg/m≥","12/05/2021","21","0.020","1"
"Pisticci","p-Xilene","µg/m≥","12/05/2021","22","0.010","1"
"Pisticci","p-Xilene","µg/m≥","12/05/2021","23","0.020","1"
"Pisticci","p-Xilene","µg/m≥","12/05/2021","24","0.040","1"
"Pisticci","p-Xilene","µg/m≥","13/05/2021","01","0.030","1"
"Pisticci","p-Xilene","µg/m≥","13/05/2021","02","0.020","1"
"Pisticci","p-Xilene","µg/m≥","13/05/2021","03","0.020","1"
"Pisticci","p-Xilene","µg/m≥","13/05/2021","04","0.040","1"
"Pisticci","p-Xilene","µg/m≥","13/05/2021","05","0.020","1"
"Pisticci","p-Xilene","µg/m≥","13/05/2021","06","0.040","1"
"Pisticci","p-Xilene","µg/m≥","13/05/2021","07","0.030","1"
"Pisticci","p-Xilene","µg/m≥","13/05/2021","08","0.040","1"
"Pisticci","p-Xilene","µg/m≥","13/05/2021","09","0.100","1"
"Pisticci","p-Xilene","µg/m≥","13/05/2021","10","0.080","1"
"Pisticci","p-Xilene","µg/m≥","13/05/2021","11","0.050","1"
"Pisticci","p-Xilene","µg/m≥","13/05/2021","12","0.040","1"
"Pisticci","p-Xilene","µg/m≥","13/05/2021","13","0.170","1"
"Pisticci","p-Xilene","µg/m≥","13/05/2021","14","0.050","1"
"Pisticci","p-Xilene","µg/m≥","13/05/2021","15","0.070","1"
"Pisticci","p-Xilene","µg/m≥","13/05/2021","16","0.120","1"
"Pisticci","p-Xilene","µg/m≥","13/05/2021","17","0.050","1"
"Pisticci","p-Xilene","µg/m≥","13/05/2021","18","0.130","1"
"Pisticci","p-Xilene","µg/m≥","13/05/2021","19","0.040","1"
"Pisticci","p-Xilene","µg/m≥","13/05/2021","20","0.060","1"
"Pisticci","p-Xilene","µg/m≥","13/05/2021","21","0.020","1"
"Pisticci","p-Xilene","µg/m≥","13/05/2021","22","0.040","1"
"Pisticci","p-Xilene","µg/m≥","13/05/2021","23","0.020","1"
"Pisticci","p-Xilene","µg/m≥","13/05/2021","24","0.030","1"
"Pisticci","p-Xilene","µg/m≥","14/05/2021","01","0.040","1"
"Pisticci","p-Xilene","µg/m≥","14/05/2021","02","0.050","1"
"Pisticci","p-Xilene","µg/m≥","14/05/2021","03","0.020","1"
"Pisticci","p-Xilene","µg/m≥","14/05/2021","04","0.040","1"
"Pisticci","p-Xilene","µg/m≥","14/05/2021","05","0.100","1"
"Pisticci","p-Xilene","µg/m≥","14/05/2021","06","0.040","1"
"Pisticci","p-Xilene","µg/m≥","14/05/2021","07","0.050","1"
"Pisticci","p-Xilene","µg/m≥","14/05/2021","08","0.110","1"
"Pisticci","p-Xilene","µg/m≥","14/05/2021","09","0.350","1"
"Pisticci","p-Xilene","µg/m≥","14/05/2021","10","0.050","1"
"Pisticci","p-Xilene","µg/m≥","14/05/2021","11","0.110","1"
"Pisticci","p-Xilene","µg/m≥","14/05/2021","12","0.150","1"
"Pisticci","p-Xilene","µg/m≥","14/05/2021","13","0.160","1"
"Pisticci","p-Xilene","µg/m≥","14/05/2021","14","0.110","1"
"Pisticci","p-Xilene","µg/m≥","14/05/2021","15","0.060","1"
"Pisticci","p-Xilene","µg/m≥","14/05/2021","16","0.170","1"
"Pisticci","p-Xilene","µg/m≥","14/05/2021","17","0.040","1"
"Pisticci","p-Xilene","µg/m≥","14/05/2021","18","0.050","1"
"Pisticci","p-Xilene","µg/m≥","14/05/2021","19","0.030","1"
"Pisticci","p-Xilene","µg/m≥","14/05/2021","20","0.040","1"
"Pisticci","p-Xilene","µg/m≥","14/05/2021","21","0.020","1"
"Pisticci","p-Xilene","µg/m≥","14/05/2021","22","0.040","1"
"Pisticci","p-Xilene","µg/m≥","14/05/2021","23","0.020","1"
"Pisticci","p-Xilene","µg/m≥","14/05/2021","24","0.030","1"
"Pisticci","p-Xilene","µg/m≥","15/05/2021","01","0.030","1"
"Pisticci","p-Xilene","µg/m≥","15/05/2021","02","0.030","1"
"Pisticci","p-Xilene","µg/m≥","15/05/2021","03","0.030","1"
"Pisticci","p-Xilene","µg/m≥","15/05/2021","04","0.060","1"
"Pisticci","p-Xilene","µg/m≥","15/05/2021","05","0.020","1"
"Pisticci","p-Xilene","µg/m≥","15/05/2021","06","0.020","1"
"Pisticci","p-Xilene","µg/m≥","15/05/2021","07","0.020","1"
"Pisticci","p-Xilene","µg/m≥","15/05/2021","08","0.040","1"
"Pisticci","p-Xilene","µg/m≥","15/05/2021","09","0.150","1"
"Pisticci","p-Xilene","µg/m≥","15/05/2021","10","0.070","1"
"Pisticci","p-Xilene","µg/m≥","15/05/2021","11","0.120","1"
"Pisticci","p-Xilene","µg/m≥","15/05/2021","12","0.040","1"
"Pisticci","p-Xilene","µg/m≥","15/05/2021","13","0.060","1"
"Pisticci","p-Xilene","µg/m≥","15/05/2021","14","0.050","1"
"Pisticci","p-Xilene","µg/m≥","15/05/2021","15","0.040","1"
"Pisticci","p-Xilene","µg/m≥","15/05/2021","16","0.020","1"
"Pisticci","p-Xilene","µg/m≥","15/05/2021","17","0.050","1"
"Pisticci","p-Xilene","µg/m≥","15/05/2021","18","0.120","1"
"Pisticci","p-Xilene","µg/m≥","15/05/2021","19","0.080","1"
"Pisticci","p-Xilene","µg/m≥","15/05/2021","20","0.070","1"
"Pisticci","p-Xilene","µg/m≥","15/05/2021","21","0.060","1"
"Pisticci","p-Xilene","µg/m≥","15/05/2021","22","0.090","1"
"Pisticci","p-Xilene","µg/m≥","15/05/2021","23","0.060","1"
"Pisticci","p-Xilene","µg/m≥","15/05/2021","24","0.030","1"
"Pisticci","p-Xilene","µg/m≥","16/05/2021","01","0.030","1"
"Pisticci","p-Xilene","µg/m≥","16/05/2021","02","0.050","1"
"Pisticci","p-Xilene","µg/m≥","16/05/2021","03","0.050","1"
"Pisticci","p-Xilene","µg/m≥","16/05/2021","04","0.250","1"
"Pisticci","p-Xilene","µg/m≥","16/05/2021","05","0.100","1"
"Pisticci","p-Xilene","µg/m≥","16/05/2021","06","0.050","1"
"Pisticci","p-Xilene","µg/m≥","16/05/2021","07","0.090","1"
"Pisticci","p-Xilene","µg/m≥","16/05/2021","08","0.050","1"
"Pisticci","p-Xilene","µg/m≥","16/05/2021","09","0.070","1"
"Pisticci","p-Xilene","µg/m≥","16/05/2021","10","0.420","1"
"Pisticci","p-Xilene","µg/m≥","16/05/2021","11","0.120","1"
"Pisticci","p-Xilene","µg/m≥","16/05/2021","12","0.040","1"
"Pisticci","p-Xilene","µg/m≥","16/05/2021","13","0.260","1"
"Pisticci","p-Xilene","µg/m≥","16/05/2021","14","0.110","1"
"Pisticci","p-Xilene","µg/m≥","16/05/2021","15","0.340","1"
"Pisticci","p-Xilene","µg/m≥","16/05/2021","16","0.070","1"
"Pisticci","p-Xilene","µg/m≥","16/05/2021","17","0.050","1"
"Pisticci","p-Xilene","µg/m≥","16/05/2021","18","0.110","1"
"Pisticci","p-Xilene","µg/m≥","16/05/2021","19","0.250","1"
"Pisticci","p-Xilene","µg/m≥","16/05/2021","20","0.210","1"
"Pisticci","p-Xilene","µg/m≥","16/05/2021","21","0.140","1"
"Pisticci","p-Xilene","µg/m≥","16/05/2021","22","0.040","1"
"Pisticci","p-Xilene","µg/m≥","16/05/2021","23","0.080","1"
"Pisticci","p-Xilene","µg/m≥","16/05/2021","24","0.080","1"
"Pisticci","p-Xilene","µg/m≥","17/05/2021","01","0.050","1"
"Pisticci","p-Xilene","µg/m≥","17/05/2021","02","0.120","1"
"Pisticci","p-Xilene","µg/m≥","17/05/2021","03","0.160","1"
"Pisticci","p-Xilene","µg/m≥","17/05/2021","04","0.060","1"
"Pisticci","p-Xilene","µg/m≥","17/05/2021","05","0.140","1"
"Pisticci","p-Xilene","µg/m≥","17/05/2021","06","0.040","1"
"Pisticci","p-Xilene","µg/m≥","17/05/2021","07","0.150","1"
"Pisticci","p-Xilene","µg/m≥","17/05/2021","08","0.080","1"
"Pisticci","p-Xilene","µg/m≥","17/05/2021","09","0.180","1"
"Pisticci","p-Xilene","µg/m≥","17/05/2021","10","0.170","1"
"Pisticci","p-Xilene","µg/m≥","17/05/2021","11","0.050","1"
"Pisticci","p-Xilene","µg/m≥","17/05/2021","12","0.250","1"
"Pisticci","p-Xilene","µg/m≥","17/05/2021","13","0.050","1"
"Pisticci","p-Xilene","µg/m≥","17/05/2021","14","0.110","1"
"Pisticci","p-Xilene","µg/m≥","17/05/2021","15","0.030","1"
"Pisticci","p-Xilene","µg/m≥","17/05/2021","16","0.050","1"
"Pisticci","p-Xilene","µg/m≥","17/05/2021","17","0.050","1"
"Pisticci","p-Xilene","µg/m≥","17/05/2021","18","0.040","1"
"Pisticci","p-Xilene","µg/m≥","17/05/2021","19","0.070","1"
"Pisticci","p-Xilene","µg/m≥","17/05/2021","20","0.290","1"
"Pisticci","p-Xilene","µg/m≥","17/05/2021","21","0.160","1"
"Pisticci","p-Xilene","µg/m≥","17/05/2021","22","0.210","1"
"Pisticci","p-Xilene","µg/m≥","17/05/2021","23","0.060","1"
"Pisticci","p-Xilene","µg/m≥","17/05/2021","24","0.020","1"
"Pisticci","p-Xilene","µg/m≥","18/05/2021","01","0.080","1"
"Pisticci","p-Xilene","µg/m≥","18/05/2021","02","0.050","1"
"Pisticci","p-Xilene","µg/m≥","18/05/2021","03","0.110","1"
"Pisticci","p-Xilene","µg/m≥","18/05/2021","04","0.050","1"
"Pisticci","p-Xilene","µg/m≥","18/05/2021","05","0.270","1"
"Pisticci","p-Xilene","µg/m≥","18/05/2021","06","0.050","1"
"Pisticci","p-Xilene","µg/m≥","18/05/2021","07","0.110","1"
"Pisticci","p-Xilene","µg/m≥","18/05/2021","08","0.040","1"
"Pisticci","p-Xilene","µg/m≥","18/05/2021","09","0.090","1"
"Pisticci","p-Xilene","µg/m≥","18/05/2021","10","0.050","1"
"Pisticci","p-Xilene","µg/m≥","18/05/2021","11","0.020","1"
"Pisticci","p-Xilene","µg/m≥","18/05/2021","12","0.080","1"
"Pisticci","p-Xilene","µg/m≥","18/05/2021","13","0.050","1"
"Pisticci","p-Xilene","µg/m≥","18/05/2021","14","0.260","1"
"Pisticci","p-Xilene","µg/m≥","18/05/2021","15","0.350","1"
"Pisticci","p-Xilene","µg/m≥","18/05/2021","16","0.680","1"
"Pisticci","p-Xilene","µg/m≥","18/05/2021","17","0.400","1"
"Pisticci","p-Xilene","µg/m≥","18/05/2021","18","0.250","1"
"Pisticci","p-Xilene","µg/m≥","18/05/2021","19","0.160","1"
"Pisticci","p-Xilene","µg/m≥","18/05/2021","20","0.050","1"
"Pisticci","p-Xilene","µg/m≥","18/05/2021","21","0.150","1"
"Pisticci","p-Xilene","µg/m≥","18/05/2021","22","0.140","1"
"Pisticci","p-Xilene","µg/m≥","18/05/2021","23","0.280","1"
"Pisticci","p-Xilene","µg/m≥","18/05/2021","24","0.390","1"
"Pisticci","p-Xilene","µg/m≥","19/05/2021","01","0.260","1"
"Pisticci","p-Xilene","µg/m≥","19/05/2021","02","0.180","1"
"Pisticci","p-Xilene","µg/m≥","19/05/2021","03","0.050","1"
"Pisticci","p-Xilene","µg/m≥","19/05/2021","04","0.060","1"
"Pisticci","p-Xilene","µg/m≥","19/05/2021","05","0.100","1"
"Pisticci","p-Xilene","µg/m≥","19/05/2021","06","0.070","1"
"Pisticci","p-Xilene","µg/m≥","19/05/2021","07","0.360","1"
"Pisticci","p-Xilene","µg/m≥","19/05/2021","08","0.280","1"
"Pisticci","p-Xilene","µg/m≥","19/05/2021","09","0.050","1"
"Pisticci","p-Xilene","µg/m≥","19/05/2021","10","0.200","1"
"Pisticci","p-Xilene","µg/m≥","19/05/2021","11","0.170","1"
"Pisticci","p-Xilene","µg/m≥","19/05/2021","12","0.060","1"
"Pisticci","p-Xilene","µg/m≥","19/05/2021","13","0.030","1"
"Pisticci","p-Xilene","µg/m≥","19/05/2021","14","0.030","1"
"Pisticci","p-Xilene","µg/m≥","19/05/2021","15","0.030","1"
"Pisticci","p-Xilene","µg/m≥","19/05/2021","16","0.020","1"
"Pisticci","p-Xilene","µg/m≥","19/05/2021","17","0.150","1"
"Pisticci","p-Xilene","µg/m≥","19/05/2021","18","0.040","1"
"Pisticci","p-Xilene","µg/m≥","19/05/2021","19","0.930","1"
"Pisticci","p-Xilene","µg/m≥","19/05/2021","20","1.530","1"
"Pisticci","p-Xilene","µg/m≥","19/05/2021","21","1.350","1"
"Pisticci","p-Xilene","µg/m≥","19/05/2021","22","1.460","1"
"Pisticci","p-Xilene","µg/m≥","19/05/2021","23","1.000","1"
"Pisticci","p-Xilene","µg/m≥","19/05/2021","24","0.980","1"
"Pisticci","p-Xilene","µg/m≥","20/05/2021","01","0.600","1"
"Pisticci","p-Xilene","µg/m≥","20/05/2021","02","1.010","1"
"Pisticci","p-Xilene","µg/m≥","20/05/2021","03","0.960","1"
"Pisticci","p-Xilene","µg/m≥","20/05/2021","04","0.170","1"
"Pisticci","p-Xilene","µg/m≥","20/05/2021","05","0.990","1"
"Pisticci","p-Xilene","µg/m≥","20/05/2021","06","0.920","1"
"Pisticci","p-Xilene","µg/m≥","20/05/2021","07","0.180","1"
"Pisticci","p-Xilene","µg/m≥","20/05/2021","08","-9999","-1"
"Pisticci","p-Xilene","µg/m≥","20/05/2021","09","0.230","1"
"Pisticci","p-Xilene","µg/m≥","20/05/2021","10","0.060","1"
"Pisticci","p-Xilene","µg/m≥","20/05/2021","11","0.060","-1"
"Pisticci","p-Xilene","µg/m≥","20/05/2021","12","0.200","1"
"Pisticci","p-Xilene","µg/m≥","20/05/2021","13","0.400","1"
"Pisticci","p-Xilene","µg/m≥","20/05/2021","14","0.390","1"
"Pisticci","p-Xilene","µg/m≥","20/05/2021","15","0.150","1"
"Pisticci","p-Xilene","µg/m≥","20/05/2021","16","0.200","1"
"Pisticci","p-Xilene","µg/m≥","20/05/2021","17","0.150","1"
"Pisticci","p-Xilene","µg/m≥","20/05/2021","18","0.070","1"
"Pisticci","p-Xilene","µg/m≥","20/05/2021","19","0.100","1"
"Pisticci","p-Xilene","µg/m≥","20/05/2021","20","0.060","1"
"Pisticci","p-Xilene","µg/m≥","20/05/2021","21","0.140","1"
"Pisticci","p-Xilene","µg/m≥","20/05/2021","22","0.140","1"
"Pisticci","p-Xilene","µg/m≥","20/05/2021","23","0.180","1"
"Pisticci","p-Xilene","µg/m≥","20/05/2021","24","0.080","1"
"Pisticci","p-Xilene","µg/m≥","21/05/2021","01","0.180","1"
"Pisticci","p-Xilene","µg/m≥","21/05/2021","02","0.190","1"
"Pisticci","p-Xilene","µg/m≥","21/05/2021","03","0.080","1"
"Pisticci","p-Xilene","µg/m≥","21/05/2021","04","0.100","1"
"Pisticci","p-Xilene","µg/m≥","21/05/2021","05","0.270","1"
"Pisticci","p-Xilene","µg/m≥","21/05/2021","06","0.080","1"
"Pisticci","p-Xilene","µg/m≥","21/05/2021","07","0.080","1"
"Pisticci","p-Xilene","µg/m≥","21/05/2021","08","0.340","1"
"Pisticci","p-Xilene","µg/m≥","21/05/2021","09","0.420","1"
"Pisticci","p-Xilene","µg/m≥","21/05/2021","10","0.250","1"
"Pisticci","p-Xilene","µg/m≥","21/05/2021","11","0.080","1"
"Pisticci","p-Xilene","µg/m≥","21/05/2021","12","0.070","1"
"Pisticci","p-Xilene","µg/m≥","21/05/2021","13","0.060","1"
"Pisticci","p-Xilene","µg/m≥","21/05/2021","14","0.020","1"
"Pisticci","p-Xilene","µg/m≥","21/05/2021","15","0.070","1"
"Pisticci","p-Xilene","µg/m≥","21/05/2021","16","0.070","1"
"Pisticci","p-Xilene","µg/m≥","21/05/2021","17","0.170","1"
"Pisticci","p-Xilene","µg/m≥","21/05/2021","18","0.050","1"
"Pisticci","p-Xilene","µg/m≥","21/05/2021","19","0.050","1"
"Pisticci","p-Xilene","µg/m≥","21/05/2021","20","0.100","1"
"Pisticci","p-Xilene","µg/m≥","21/05/2021","21","0.240","1"
"Pisticci","p-Xilene","µg/m≥","21/05/2021","22","0.310","1"
"Pisticci","p-Xilene","µg/m≥","21/05/2021","23","0.390","1"
"Pisticci","p-Xilene","µg/m≥","21/05/2021","24","0.440","1"
"Pisticci","p-Xilene","µg/m≥","22/05/2021","01","0.360","1"
"Pisticci","p-Xilene","µg/m≥","22/05/2021","02","0.400","1"
"Pisticci","p-Xilene","µg/m≥","22/05/2021","03","0.220","1"
"Pisticci","p-Xilene","µg/m≥","22/05/2021","04","0.040","1"
"Pisticci","p-Xilene","µg/m≥","22/05/2021","05","0.070","1"
"Pisticci","p-Xilene","µg/m≥","22/05/2021","06","0.110","1"
"Pisticci","p-Xilene","µg/m≥","22/05/2021","07","0.330","1"
"Pisticci","p-Xilene","µg/m≥","22/05/2021","08","0.230","1"
"Pisticci","p-Xilene","µg/m≥","22/05/2021","09","0.180","1"
"Pisticci","p-Xilene","µg/m≥","22/05/2021","10","0.300","1"
"Pisticci","p-Xilene","µg/m≥","22/05/2021","11","0.060","1"
"Pisticci","p-Xilene","µg/m≥","22/05/2021","12","0.040","1"
"Pisticci","p-Xilene","µg/m≥","22/05/2021","13","0.070","1"
"Pisticci","p-Xilene","µg/m≥","22/05/2021","14","0.040","1"
"Pisticci","p-Xilene","µg/m≥","22/05/2021","15","0.080","1"
"Pisticci","p-Xilene","µg/m≥","22/05/2021","16","0.030","1"
"Pisticci","p-Xilene","µg/m≥","22/05/2021","17","0.100","1"
"Pisticci","p-Xilene","µg/m≥","22/05/2021","18","0.120","1"
"Pisticci","p-Xilene","µg/m≥","22/05/2021","19","0.130","1"
"Pisticci","p-Xilene","µg/m≥","22/05/2021","20","0.160","1"
"Pisticci","p-Xilene","µg/m≥","22/05/2021","21","0.210","1"
"Pisticci","p-Xilene","µg/m≥","22/05/2021","22","0.270","1"
"Pisticci","p-Xilene","µg/m≥","22/05/2021","23","0.130","1"
"Pisticci","p-Xilene","µg/m≥","22/05/2021","24","0.160","1"
"Pisticci","p-Xilene","µg/m≥","23/05/2021","01","0.260","1"
"Pisticci","p-Xilene","µg/m≥","23/05/2021","02","0.280","1"
"Pisticci","p-Xilene","µg/m≥","23/05/2021","03","0.360","1"
"Pisticci","p-Xilene","µg/m≥","23/05/2021","04","0.310","1"
"Pisticci","p-Xilene","µg/m≥","23/05/2021","05","0.260","1"
"Pisticci","p-Xilene","µg/m≥","23/05/2021","06","0.310","1"
"Pisticci","p-Xilene","µg/m≥","23/05/2021","07","0.320","1"
"Pisticci","p-Xilene","µg/m≥","23/05/2021","08","0.050","1"
"Pisticci","p-Xilene","µg/m≥","23/05/2021","09","0.200","1"
"Pisticci","p-Xilene","µg/m≥","23/05/2021","10","0.050","1"
"Pisticci","p-Xilene","µg/m≥","23/05/2021","11","0.160","1"
"Pisticci","p-Xilene","µg/m≥","23/05/2021","12","0.140","1"
"Pisticci","p-Xilene","µg/m≥","23/05/2021","13","0.320","1"
"Pisticci","p-Xilene","µg/m≥","23/05/2021","14","0.030","1"
"Pisticci","p-Xilene","µg/m≥","23/05/2021","15","0.050","1"
"Pisticci","p-Xilene","µg/m≥","23/05/2021","16","0.070","1"
"Pisticci","p-Xilene","µg/m≥","23/05/2021","17","0.030","1"
"Pisticci","p-Xilene","µg/m≥","23/05/2021","18","0.030","1"
"Pisticci","p-Xilene","µg/m≥","23/05/2021","19","0.080","1"
"Pisticci","p-Xilene","µg/m≥","23/05/2021","20","0.400","1"
"Pisticci","p-Xilene","µg/m≥","23/05/2021","21","0.400","1"
"Pisticci","p-Xilene","µg/m≥","23/05/2021","22","0.160","1"
"Pisticci","p-Xilene","µg/m≥","23/05/2021","23","0.150","1"
"Pisticci","p-Xilene","µg/m≥","23/05/2021","24","0.150","1"
"Pisticci","p-Xilene","µg/m≥","24/05/2021","01","0.290","1"
"Pisticci","p-Xilene","µg/m≥","24/05/2021","02","0.230","1"
"Pisticci","p-Xilene","µg/m≥","24/05/2021","03","0.260","1"
"Pisticci","p-Xilene","µg/m≥","24/05/2021","04","0.150","1"
"Pisticci","p-Xilene","µg/m≥","24/05/2021","05","0.030","1"
"Pisticci","p-Xilene","µg/m≥","24/05/2021","06","0.140","1"
"Pisticci","p-Xilene","µg/m≥","24/05/2021","07","0.280","1"
"Pisticci","p-Xilene","µg/m≥","24/05/2021","08","0.210","1"
"Pisticci","p-Xilene","µg/m≥","24/05/2021","09","-9999","-1"
"Pisticci","p-Xilene","µg/m≥","24/05/2021","10","-9999","-1"
"Pisticci","p-Xilene","µg/m≥","24/05/2021","11","-9999","-1"
"Pisticci","p-Xilene","µg/m≥","24/05/2021","12","-9999","-1"
"Pisticci","p-Xilene","µg/m≥","24/05/2021","13","-9999","-1"
"Pisticci","p-Xilene","µg/m≥","24/05/2021","14","-9999","-1"
"Pisticci","p-Xilene","µg/m≥","24/05/2021","15","-9999","-1"
"Pisticci","p-Xilene","µg/m≥","24/05/2021","16","-9999","-1"
"Pisticci","p-Xilene","µg/m≥","24/05/2021","17","-9999","-1"
"Pisticci","p-Xilene","µg/m≥","24/05/2021","18","8.330","-1"
"Pisticci","p-Xilene","µg/m≥","24/05/2021","19","3.510","-1"
"Pisticci","p-Xilene","µg/m≥","24/05/2021","20","2.880","-1"
"Pisticci","p-Xilene","µg/m≥","24/05/2021","21","2.400","-1"
"Pisticci","p-Xilene","µg/m≥","24/05/2021","22","1.850","-1"
"Pisticci","p-Xilene","µg/m≥","24/05/2021","23","1.560","-1"
"Pisticci","p-Xilene","µg/m≥","24/05/2021","24","1.330","-1"
"Pisticci","p-Xilene","µg/m≥","25/05/2021","01","1.140","-1"
"Pisticci","p-Xilene","µg/m≥","25/05/2021","02","0.880","-1"
"Pisticci","p-Xilene","µg/m≥","25/05/2021","03","0.890","-1"
"Pisticci","p-Xilene","µg/m≥","25/05/2021","04","0.840","-1"
"Pisticci","p-Xilene","µg/m≥","25/05/2021","05","0.770","-1"
"Pisticci","p-Xilene","µg/m≥","25/05/2021","06","0.710","-1"
"Pisticci","p-Xilene","µg/m≥","25/05/2021","07","0.690","-1"
"Pisticci","p-Xilene","µg/m≥","25/05/2021","08","0.690","1"
"Pisticci","p-Xilene","µg/m≥","25/05/2021","09","0.560","1"
"Pisticci","p-Xilene","µg/m≥","25/05/2021","10","0.560","1"
"Pisticci","p-Xilene","µg/m≥","25/05/2021","11","-9999","-1"
"Pisticci","p-Xilene","µg/m≥","25/05/2021","12","-9999","-1"
"Pisticci","p-Xilene","µg/m≥","25/05/2021","13","-9999","-1"
"Pisticci","p-Xilene","µg/m≥","25/05/2021","14","-9999","-1"
"Pisticci","p-Xilene","µg/m≥","25/05/2021","15","0.780","-1"
"Pisticci","p-Xilene","µg/m≥","25/05/2021","16","0.580","-1"
"Pisticci","p-Xilene","µg/m≥","25/05/2021","17","0.480","-1"
"Pisticci","p-Xilene","µg/m≥","25/05/2021","18","0.420","1"
"Pisticci","p-Xilene","µg/m≥","25/05/2021","19","0.100","1"
"Pisticci","p-Xilene","µg/m≥","25/05/2021","20","0.470","1"
"Pisticci","p-Xilene","µg/m≥","25/05/2021","21","0.350","1"
"Pisticci","p-Xilene","µg/m≥","25/05/2021","22","0.320","1"
"Pisticci","p-Xilene","µg/m≥","25/05/2021","23","0.380","1"
"Pisticci","p-Xilene","µg/m≥","25/05/2021","24","0.470","1"
"Pisticci","p-Xilene","µg/m≥","26/05/2021","01","0.120","1"
"Pisticci","p-Xilene","µg/m≥","26/05/2021","02","0.550","1"
"Pisticci","p-Xilene","µg/m≥","26/05/2021","03","0.340","1"
"Pisticci","p-Xilene","µg/m≥","26/05/2021","04","0.280","1"
"Pisticci","p-Xilene","µg/m≥","26/05/2021","05","0.610","1"
"Pisticci","p-Xilene","µg/m≥","26/05/2021","06","0.380","1"
"Pisticci","p-Xilene","µg/m≥","26/05/2021","07","0.250","1"
"Pisticci","p-Xilene","µg/m≥","26/05/2021","08","0.280","1"
"Pisticci","p-Xilene","µg/m≥","26/05/2021","09","0.060","1"
"Pisticci","p-Xilene","µg/m≥","26/05/2021","10","0.070","1"
"Pisticci","p-Xilene","µg/m≥","26/05/2021","11","0.280","1"
"Pisticci","p-Xilene","µg/m≥","26/05/2021","12","0.290","1"
"Pisticci","p-Xilene","µg/m≥","26/05/2021","13","0.160","1"
"Pisticci","p-Xilene","µg/m≥","26/05/2021","14","0.060","1"
"Pisticci","p-Xilene","µg/m≥","26/05/2021","15","0.180","1"
"Pisticci","p-Xilene","µg/m≥","26/05/2021","16","0.070","1"
"Pisticci","p-Xilene","µg/m≥","26/05/2021","17","0.090","1"
"Pisticci","p-Xilene","µg/m≥","26/05/2021","18","0.050","-1"
"Pisticci","p-Xilene","µg/m≥","26/05/2021","19","0.400","-1"
"Pisticci","p-Xilene","µg/m≥","26/05/2021","20","-9999","-1"
"Pisticci","p-Xilene","µg/m≥","26/05/2021","21","-9999","-1"
"Pisticci","p-Xilene","µg/m≥","26/05/2021","22","-9999","-1"
"Pisticci","p-Xilene","µg/m≥","26/05/2021","23","-9999","-1"
"Pisticci","p-Xilene","µg/m≥","26/05/2021","24","-9999","-1"
"Pisticci","p-Xilene","µg/m≥","27/05/2021","01","-9999","-1"
"Pisticci","p-Xilene","µg/m≥","27/05/2021","02","-9999","-1"
"Pisticci","p-Xilene","µg/m≥","27/05/2021","03","-9999","-1"
"Pisticci","p-Xilene","µg/m≥","27/05/2021","04","-9999","-1"
"Pisticci","p-Xilene","µg/m≥","27/05/2021","05","-9999","-1"
"Pisticci","p-Xilene","µg/m≥","27/05/2021","06","-9999","-1"
"Pisticci","p-Xilene","µg/m≥","27/05/2021","07","-9999","-1"
"Pisticci","p-Xilene","µg/m≥","27/05/2021","08","-9999","-1"
"Pisticci","p-Xilene","µg/m≥","27/05/2021","09","-9999","-1"
"Pisticci","p-Xilene","µg/m≥","27/05/2021","10","-9999","-1"
"Pisticci","p-Xilene","µg/m≥","27/05/2021","11","-9999","-1"
"Pisticci","p-Xilene","µg/m≥","27/05/2021","12","-9999","-1"
"Pisticci","p-Xilene","µg/m≥","27/05/2021","13","-9999","-1"
"Pisticci","p-Xilene","µg/m≥","27/05/2021","14","-9999","-1"
"Pisticci","p-Xilene","µg/m≥","27/05/2021","15","-9999","-1"
"Pisticci","p-Xilene","µg/m≥","27/05/2021","16","-9999","-1"
"Pisticci","p-Xilene","µg/m≥","27/05/2021","17","-9999","-1"
"Pisticci","p-Xilene","µg/m≥","27/05/2021","18","-9999","-1"
"Pisticci","p-Xilene","µg/m≥","27/05/2021","19","-9999","-1"
"Pisticci","p-Xilene","µg/m≥","27/05/2021","20","-9999","-1"
"Pisticci","p-Xilene","µg/m≥","27/05/2021","21","-9999","-1"
"Pisticci","p-Xilene","µg/m≥","27/05/2021","22","0.300","1"
"Pisticci","p-Xilene","µg/m≥","27/05/2021","23","0.240","1"
"Pisticci","p-Xilene","µg/m≥","27/05/2021","24","0.060","1"
"Pisticci","p-Xilene","µg/m≥","28/05/2021","01","0.080","1"
"Pisticci","p-Xilene","µg/m≥","28/05/2021","02","0.160","1"
"Pisticci","p-Xilene","µg/m≥","28/05/2021","03","0.100","1"
"Pisticci","p-Xilene","µg/m≥","28/05/2021","04","0.030","1"
"Pisticci","p-Xilene","µg/m≥","28/05/2021","05","0.080","1"
"Pisticci","p-Xilene","µg/m≥","28/05/2021","06","0.030","1"
"Pisticci","p-Xilene","µg/m≥","28/05/2021","07","0.080","1"
"Pisticci","p-Xilene","µg/m≥","28/05/2021","08","0.100","1"
"Pisticci","p-Xilene","µg/m≥","28/05/2021","09","0.020","1"
"Pisticci","p-Xilene","µg/m≥","28/05/2021","10","-9999","-1"
"Pisticci","p-Xilene","µg/m≥","28/05/2021","11","-9999","-1"
"Pisticci","p-Xilene","µg/m≥","28/05/2021","12","0.320","1"
"Pisticci","p-Xilene","µg/m≥","28/05/2021","13","0.280","1"
"Pisticci","p-Xilene","µg/m≥","28/05/2021","14","0.110","1"
"Pisticci","p-Xilene","µg/m≥","28/05/2021","15","0.070","1"
"Pisticci","p-Xilene","µg/m≥","28/05/2021","16","0.050","1"
"Pisticci","p-Xilene","µg/m≥","28/05/2021","17","0.050","1"
"Pisticci","p-Xilene","µg/m≥","28/05/2021","18","0.030","1"
"Pisticci","p-Xilene","µg/m≥","28/05/2021","19","0.070","1"
"Pisticci","p-Xilene","µg/m≥","28/05/2021","20","0.130","1"
"Pisticci","p-Xilene","µg/m≥","28/05/2021","21","0.040","1"
"Pisticci","p-Xilene","µg/m≥","28/05/2021","22","0.080","1"
"Pisticci","p-Xilene","µg/m≥","28/05/2021","23","0.080","1"
"Pisticci","p-Xilene","µg/m≥","28/05/2021","24","0.200","1"
"Pisticci","p-Xilene","µg/m≥","29/05/2021","01","0.100","1"
"Pisticci","p-Xilene","µg/m≥","29/05/2021","02","0.190","1"
"Pisticci","p-Xilene","µg/m≥","29/05/2021","03","0.030","1"
"Pisticci","p-Xilene","µg/m≥","29/05/2021","04","0.140","1"
"Pisticci","p-Xilene","µg/m≥","29/05/2021","05","0.050","1"
"Pisticci","p-Xilene","µg/m≥","29/05/2021","06","0.160","1"
"Pisticci","p-Xilene","µg/m≥","29/05/2021","07","0.030","1"
"Pisticci","p-Xilene","µg/m≥","29/05/2021","08","0.060","1"
"Pisticci","p-Xilene","µg/m≥","29/05/2021","09","0.100","1"
"Pisticci","p-Xilene","µg/m≥","29/05/2021","10","0.140","1"
"Pisticci","p-Xilene","µg/m≥","29/05/2021","11","0.230","1"
"Pisticci","p-Xilene","µg/m≥","29/05/2021","12","0.230","1"
"Pisticci","p-Xilene","µg/m≥","29/05/2021","13","0.100","1"
"Pisticci","p-Xilene","µg/m≥","29/05/2021","14","0.040","1"
"Pisticci","p-Xilene","µg/m≥","29/05/2021","15","0.060","1"
"Pisticci","p-Xilene","µg/m≥","29/05/2021","16","0.050","1"
"Pisticci","p-Xilene","µg/m≥","29/05/2021","17","0.130","1"
"Pisticci","p-Xilene","µg/m≥","29/05/2021","18","0.080","1"
"Pisticci","p-Xilene","µg/m≥","29/05/2021","19","0.050","1"
"Pisticci","p-Xilene","µg/m≥","29/05/2021","20","0.050","1"
"Pisticci","p-Xilene","µg/m≥","29/05/2021","21","0.130","1"
"Pisticci","p-Xilene","µg/m≥","29/05/2021","22","0.070","1"
"Pisticci","p-Xilene","µg/m≥","29/05/2021","23","0.060","1"
"Pisticci","p-Xilene","µg/m≥","29/05/2021","24","0.040","1"
"Pisticci","p-Xilene","µg/m≥","30/05/2021","01","0.220","1"
"Pisticci","p-Xilene","µg/m≥","30/05/2021","02","0.110","1"
"Pisticci","p-Xilene","µg/m≥","30/05/2021","03","0.040","1"
"Pisticci","p-Xilene","µg/m≥","30/05/2021","04","0.080","1"
"Pisticci","p-Xilene","µg/m≥","30/05/2021","05","0.070","1"
"Pisticci","p-Xilene","µg/m≥","30/05/2021","06","0.020","1"
"Pisticci","p-Xilene","µg/m≥","30/05/2021","07","0.020","1"
"Pisticci","p-Xilene","µg/m≥","30/05/2021","08","0.020","1"
"Pisticci","p-Xilene","µg/m≥","30/05/2021","09","0.030","1"
"Pisticci","p-Xilene","µg/m≥","30/05/2021","10","0.050","1"
"Pisticci","p-Xilene","µg/m≥","30/05/2021","11","0.040","1"
"Pisticci","p-Xilene","µg/m≥","30/05/2021","12","0.070","1"
"Pisticci","p-Xilene","µg/m≥","30/05/2021","13","0.020","1"
"Pisticci","p-Xilene","µg/m≥","30/05/2021","14","0.040","1"
"Pisticci","p-Xilene","µg/m≥","30/05/2021","15","0.030","1"
"Pisticci","p-Xilene","µg/m≥","30/05/2021","16","0.010","1"
"Pisticci","p-Xilene","µg/m≥","30/05/2021","17","0.020","1"
"Pisticci","p-Xilene","µg/m≥","30/05/2021","18","0.030","1"
"Pisticci","p-Xilene","µg/m≥","30/05/2021","19","0.020","1"
"Pisticci","p-Xilene","µg/m≥","30/05/2021","20","0.030","1"
"Pisticci","p-Xilene","µg/m≥","30/05/2021","21","0.060","1"
"Pisticci","p-Xilene","µg/m≥","30/05/2021","22","0.040","1"
"Pisticci","p-Xilene","µg/m≥","30/05/2021","23","0.040","1"
"Pisticci","p-Xilene","µg/m≥","30/05/2021","24","0.020","1"
"Pisticci","p-Xilene","µg/m≥","31/05/2021","01","0.030","1"
"Pisticci","p-Xilene","µg/m≥","31/05/2021","02","0.040","1"
"Pisticci","p-Xilene","µg/m≥","31/05/2021","03","0.030","1"
"Pisticci","p-Xilene","µg/m≥","31/05/2021","04","0.030","1"
"Pisticci","p-Xilene","µg/m≥","31/05/2021","05","0.030","1"
"Pisticci","p-Xilene","µg/m≥","31/05/2021","06","0.030","1"
"Pisticci","p-Xilene","µg/m≥","31/05/2021","07","0.030","1"
"Pisticci","p-Xilene","µg/m≥","31/05/2021","08","0.020","1"
"Pisticci","p-Xilene","µg/m≥","31/05/2021","09","0.040","1"
"Pisticci","p-Xilene","µg/m≥","31/05/2021","10","0.040","1"
"Pisticci","p-Xilene","µg/m≥","31/05/2021","11","0.080","1"
"Pisticci","p-Xilene","µg/m≥","31/05/2021","12","0.030","1"
"Pisticci","p-Xilene","µg/m≥","31/05/2021","13","0.040","1"
"Pisticci","p-Xilene","µg/m≥","31/05/2021","14","0.040","1"
"Pisticci","p-Xilene","µg/m≥","31/05/2021","15","0.070","1"
"Pisticci","p-Xilene","µg/m≥","31/05/2021","16","0.030","1"
"Pisticci","p-Xilene","µg/m≥","31/05/2021","17","0.040","1"
"Pisticci","p-Xilene","µg/m≥","31/05/2021","18","0.060","1"
"Pisticci","p-Xilene","µg/m≥","31/05/2021","19","0.040","1"
"Pisticci","p-Xilene","µg/m≥","31/05/2021","20","0.030","1"
"Pisticci","p-Xilene","µg/m≥","31/05/2021","21","0.020","1"
"Pisticci","p-Xilene","µg/m≥","31/05/2021","22","0.020","1"
"Pisticci","p-Xilene","µg/m≥","31/05/2021","23","0.020","1"
"Pisticci","p-Xilene","µg/m≥","31/05/2021","24","0.020","1"
"Pisticci","p-Xilene","µg/m≥","01/06/2021","01","0.060","1"
"Pisticci","p-Xilene","µg/m≥","01/06/2021","02","0.090","1"
"Pisticci","p-Xilene","µg/m≥","01/06/2021","03","0.130","1"
"Pisticci","p-Xilene","µg/m≥","01/06/2021","04","0.140","1"
"Pisticci","p-Xilene","µg/m≥","01/06/2021","05","0.110","1"
"Pisticci","p-Xilene","µg/m≥","01/06/2021","06","0.350","1"
"Pisticci","p-Xilene","µg/m≥","01/06/2021","07","0.190","1"
"Pisticci","p-Xilene","µg/m≥","01/06/2021","08","0.070","1"
"Pisticci","p-Xilene","µg/m≥","01/06/2021","09","0.030","1"
"Pisticci","p-Xilene","µg/m≥","01/06/2021","10","0.060","1"
"Pisticci","p-Xilene","µg/m≥","01/06/2021","11","0.110","1"
"Pisticci","p-Xilene","µg/m≥","01/06/2021","12","0.140","1"
"Pisticci","p-Xilene","µg/m≥","01/06/2021","13","0.040","1"
"Pisticci","p-Xilene","µg/m≥","01/06/2021","14","0.010","1"
"Pisticci","p-Xilene","µg/m≥","01/06/2021","15","0.300","1"
"Pisticci","p-Xilene","µg/m≥","01/06/2021","16","0.060","1"
"Pisticci","p-Xilene","µg/m≥","01/06/2021","17","0.040","1"
"Pisticci","p-Xilene","µg/m≥","01/06/2021","18","0.030","1"
"Pisticci","p-Xilene","µg/m≥","01/06/2021","19","0.030","1"
"Pisticci","p-Xilene","µg/m≥","01/06/2021","20","0.030","1"
"Pisticci","p-Xilene","µg/m≥","01/06/2021","21","0.050","1"
"Pisticci","p-Xilene","µg/m≥","01/06/2021","22","0.030","1"
"Pisticci","p-Xilene","µg/m≥","01/06/2021","23","0.040","1"
"Pisticci","p-Xilene","µg/m≥","01/06/2021","24","0.020","1"
"Pisticci","p-Xilene","µg/m≥","02/06/2021","01","0.090","1"
"Pisticci","p-Xilene","µg/m≥","02/06/2021","02","0.170","1"
"Pisticci","p-Xilene","µg/m≥","02/06/2021","03","0.150","1"
"Pisticci","p-Xilene","µg/m≥","02/06/2021","04","0.200","1"
"Pisticci","p-Xilene","µg/m≥","02/06/2021","05","0.090","1"
"Pisticci","p-Xilene","µg/m≥","02/06/2021","06","0.570","1"
"Pisticci","p-Xilene","µg/m≥","02/06/2021","07","0.310","1"
"Pisticci","p-Xilene","µg/m≥","02/06/2021","08","0.280","1"
"Pisticci","p-Xilene","µg/m≥","02/06/2021","09","0.110","1"
"Pisticci","p-Xilene","µg/m≥","02/06/2021","10","0.120","1"
"Pisticci","p-Xilene","µg/m≥","02/06/2021","11","0.410","1"
"Pisticci","p-Xilene","µg/m≥","02/06/2021","12","0.140","1"
"Pisticci","p-Xilene","µg/m≥","02/06/2021","13","0.050","1"
"Pisticci","p-Xilene","µg/m≥","02/06/2021","14","0.210","1"
"Pisticci","p-Xilene","µg/m≥","02/06/2021","15","0.080","1"
"Pisticci","p-Xilene","µg/m≥","02/06/2021","16","0.050","1"
"Pisticci","p-Xilene","µg/m≥","02/06/2021","17","0.080","1"
"Pisticci","p-Xilene","µg/m≥","02/06/2021","18","0.110","1"
"Pisticci","p-Xilene","µg/m≥","02/06/2021","19","0.180","1"
"Pisticci","p-Xilene","µg/m≥","02/06/2021","20","0.100","1"
"Pisticci","p-Xilene","µg/m≥","02/06/2021","21","0.140","1"
"Pisticci","p-Xilene","µg/m≥","02/06/2021","22","0.050","1"
"Pisticci","p-Xilene","µg/m≥","02/06/2021","23","0.060","1"
"Pisticci","p-Xilene","µg/m≥","02/06/2021","24","0.030","1"
"Pisticci","p-Xilene","µg/m≥","03/06/2021","01","0.020","1"
"Pisticci","p-Xilene","µg/m≥","03/06/2021","02","0.080","1"
"Pisticci","p-Xilene","µg/m≥","03/06/2021","03","0.140","1"
"Pisticci","p-Xilene","µg/m≥","03/06/2021","04","0.790","1"
"Pisticci","p-Xilene","µg/m≥","03/06/2021","05","0.050","1"
"Pisticci","p-Xilene","µg/m≥","03/06/2021","06","0.220","1"
"Pisticci","p-Xilene","µg/m≥","03/06/2021","07","0.180","1"
"Pisticci","p-Xilene","µg/m≥","03/06/2021","08","0.410","1"
"Pisticci","p-Xilene","µg/m≥","03/06/2021","09","0.060","1"
"Pisticci","p-Xilene","µg/m≥","03/06/2021","10","0.280","1"
"Pisticci","p-Xilene","µg/m≥","03/06/2021","11","0.080","1"
"Pisticci","p-Xilene","µg/m≥","03/06/2021","12","0.050","1"
"Pisticci","p-Xilene","µg/m≥","03/06/2021","13","0.090","1"
"Pisticci","p-Xilene","µg/m≥","03/06/2021","14","0.070","1"
"Pisticci","p-Xilene","µg/m≥","03/06/2021","15","0.190","1"
"Pisticci","p-Xilene","µg/m≥","03/06/2021","16","0.120","1"
"Pisticci","p-Xilene","µg/m≥","03/06/2021","17","0.070","1"
"Pisticci","p-Xilene","µg/m≥","03/06/2021","18","0.340","1"
"Pisticci","p-Xilene","µg/m≥","03/06/2021","19","0.190","1"
"Pisticci","p-Xilene","µg/m≥","03/06/2021","20","0.060","1"
"Pisticci","p-Xilene","µg/m≥","03/06/2021","21","0.090","1"
"Pisticci","p-Xilene","µg/m≥","03/06/2021","22","0.230","1"
"Pisticci","p-Xilene","µg/m≥","03/06/2021","23","0.130","1"
"Pisticci","p-Xilene","µg/m≥","03/06/2021","24","0.120","1"
"Pisticci","p-Xilene","µg/m≥","04/06/2021","01","0.050","1"
"Pisticci","p-Xilene","µg/m≥","04/06/2021","02","0.080","1"
"Pisticci","p-Xilene","µg/m≥","04/06/2021","03","0.020","1"
"Pisticci","p-Xilene","µg/m≥","04/06/2021","04","0.030","1"
"Pisticci","p-Xilene","µg/m≥","04/06/2021","05","0.070","1"
"Pisticci","p-Xilene","µg/m≥","04/06/2021","06","0.030","1"
"Pisticci","p-Xilene","µg/m≥","04/06/2021","07","0.040","1"
"Pisticci","p-Xilene","µg/m≥","04/06/2021","08","0.140","1"
"Pisticci","p-Xilene","µg/m≥","04/06/2021","09","0.080","1"
"Pisticci","p-Xilene","µg/m≥","04/06/2021","10","0.130","1"
"Pisticci","p-Xilene","µg/m≥","04/06/2021","11","0.040","1"
"Pisticci","p-Xilene","µg/m≥","04/06/2021","12","0.080","1"
"Pisticci","p-Xilene","µg/m≥","04/06/2021","13","0.050","1"
"Pisticci","p-Xilene","µg/m≥","04/06/2021","14","0.030","1"
"Pisticci","p-Xilene","µg/m≥","04/06/2021","15","0.010","1"
"Pisticci","p-Xilene","µg/m≥","04/06/2021","16","0.060","1"
"Pisticci","p-Xilene","µg/m≥","04/06/2021","17","0.030","1"
"Pisticci","p-Xilene","µg/m≥","04/06/2021","18","0.040","1"
"Pisticci","p-Xilene","µg/m≥","04/06/2021","19","0.080","1"
"Pisticci","p-Xilene","µg/m≥","04/06/2021","20","0.140","1"
"Pisticci","p-Xilene","µg/m≥","04/06/2021","21","0.060","1"
"Pisticci","p-Xilene","µg/m≥","04/06/2021","22","0.050","1"
"Pisticci","p-Xilene","µg/m≥","04/06/2021","23","0.160","1"
"Pisticci","p-Xilene","µg/m≥","04/06/2021","24","0.020","1"
"Pisticci","p-Xilene","µg/m≥","05/06/2021","01","0.030","1"
"Pisticci","p-Xilene","µg/m≥","05/06/2021","02","0.020","1"
"Pisticci","p-Xilene","µg/m≥","05/06/2021","03","0.060","1"
"Pisticci","p-Xilene","µg/m≥","05/06/2021","04","0.110","1"
"Pisticci","p-Xilene","µg/m≥","05/06/2021","05","0.080","1"
"Pisticci","p-Xilene","µg/m≥","05/06/2021","06","0.040","1"
"Pisticci","p-Xilene","µg/m≥","05/06/2021","07","0.030","1"
"Pisticci","p-Xilene","µg/m≥","05/06/2021","08","0.040","1"
"Pisticci","p-Xilene","µg/m≥","05/06/2021","09","0.020","1"
"Pisticci","p-Xilene","µg/m≥","05/06/2021","10","0.170","1"
"Pisticci","p-Xilene","µg/m≥","05/06/2021","11","0.140","1"
"Pisticci","p-Xilene","µg/m≥","05/06/2021","12","0.090","1"
"Pisticci","p-Xilene","µg/m≥","05/06/2021","13","0.090","1"
"Pisticci","p-Xilene","µg/m≥","05/06/2021","14","0.040","1"
"Pisticci","p-Xilene","µg/m≥","05/06/2021","15","0.120","1"
"Pisticci","p-Xilene","µg/m≥","05/06/2021","16","0.200","1"
"Pisticci","p-Xilene","µg/m≥","05/06/2021","17","0.100","1"
"Pisticci","p-Xilene","µg/m≥","05/06/2021","18","0.040","1"
"Pisticci","p-Xilene","µg/m≥","05/06/2021","19","0.120","1"
"Pisticci","p-Xilene","µg/m≥","05/06/2021","20","0.120","1"
"Pisticci","p-Xilene","µg/m≥","05/06/2021","21","0.110","1"
"Pisticci","p-Xilene","µg/m≥","05/06/2021","22","0.030","1"
"Pisticci","p-Xilene","µg/m≥","05/06/2021","23","0.040","1"
"Pisticci","p-Xilene","µg/m≥","05/06/2021","24","0.030","1"
"Pisticci","p-Xilene","µg/m≥","06/06/2021","01","0.080","1"
"Pisticci","p-Xilene","µg/m≥","06/06/2021","02","0.020","1"
"Pisticci","p-Xilene","µg/m≥","06/06/2021","03","0.050","1"
"Pisticci","p-Xilene","µg/m≥","06/06/2021","04","0.040","1"
"Pisticci","p-Xilene","µg/m≥","06/06/2021","05","0.010","1"
"Pisticci","p-Xilene","µg/m≥","06/06/2021","06","0.040","1"
"Pisticci","p-Xilene","µg/m≥","06/06/2021","07","0.010","1"
"Pisticci","p-Xilene","µg/m≥","06/06/2021","08","0.030","1"
"Pisticci","p-Xilene","µg/m≥","06/06/2021","09","0.100","1"
"Pisticci","p-Xilene","µg/m≥","06/06/2021","10","0.110","1"
"Pisticci","p-Xilene","µg/m≥","06/06/2021","11","0.040","1"
"Pisticci","p-Xilene","µg/m≥","06/06/2021","12","0.050","1"
"Pisticci","p-Xilene","µg/m≥","06/06/2021","13","0.070","1"
"Pisticci","p-Xilene","µg/m≥","06/06/2021","14","0.040","1"
"Pisticci","p-Xilene","µg/m≥","06/06/2021","15","0.020","1"
"Pisticci","p-Xilene","µg/m≥","06/06/2021","16","0.030","1"
"Pisticci","p-Xilene","µg/m≥","06/06/2021","17","0.040","1"
"Pisticci","p-Xilene","µg/m≥","06/06/2021","18","0.110","1"
"Pisticci","p-Xilene","µg/m≥","06/06/2021","19","0.060","1"
"Pisticci","p-Xilene","µg/m≥","06/06/2021","20","0.020","1"
"Pisticci","p-Xilene","µg/m≥","06/06/2021","21","0.030","1"
"Pisticci","p-Xilene","µg/m≥","06/06/2021","22","0.010","1"
"Pisticci","p-Xilene","µg/m≥","06/06/2021","23","0.030","1"
"Pisticci","p-Xilene","µg/m≥","06/06/2021","24","0.030","1"
"Pisticci","p-Xilene","µg/m≥","07/06/2021","01","0.030","1"
"Pisticci","p-Xilene","µg/m≥","07/06/2021","02","0.010","1"
"Pisticci","p-Xilene","µg/m≥","07/06/2021","03","0.080","1"
"Pisticci","p-Xilene","µg/m≥","07/06/2021","04","0.030","1"
"Pisticci","p-Xilene","µg/m≥","07/06/2021","05","0.060","1"
"Pisticci","p-Xilene","µg/m≥","07/06/2021","06","0.020","1"
"Pisticci","p-Xilene","µg/m≥","07/06/2021","07","0.070","1"
"Pisticci","p-Xilene","µg/m≥","07/06/2021","08","0.010","1"
"Pisticci","p-Xilene","µg/m≥","07/06/2021","09","0.070","1"
"Pisticci","p-Xilene","µg/m≥","07/06/2021","10","0.080","1"
"Pisticci","p-Xilene","µg/m≥","07/06/2021","11","0.020","1"
"Pisticci","p-Xilene","µg/m≥","07/06/2021","12","0.010","1"
"Pisticci","p-Xilene","µg/m≥","07/06/2021","13","0.060","1"
"Pisticci","p-Xilene","µg/m≥","07/06/2021","14","0.060","1"
"Pisticci","p-Xilene","µg/m≥","07/06/2021","15","0.030","1"
"Pisticci","p-Xilene","µg/m≥","07/06/2021","16","0.020","1"
"Pisticci","p-Xilene","µg/m≥","07/06/2021","17","0.010","1"
"Pisticci","p-Xilene","µg/m≥","07/06/2021","18","0.030","1"
"Pisticci","p-Xilene","µg/m≥","07/06/2021","19","0.020","1"
"Pisticci","p-Xilene","µg/m≥","07/06/2021","20","0.020","1"
"Pisticci","p-Xilene","µg/m≥","07/06/2021","21","0.020","1"
"Pisticci","p-Xilene","µg/m≥","07/06/2021","22","0.020","1"
"Pisticci","p-Xilene","µg/m≥","07/06/2021","23","0.010","1"
"Pisticci","p-Xilene","µg/m≥","07/06/2021","24","0.010","1"
"Pisticci","p-Xilene","µg/m≥","08/06/2021","01","0.020","1"
"Pisticci","p-Xilene","µg/m≥","08/06/2021","02","0.020","1"
"Pisticci","p-Xilene","µg/m≥","08/06/2021","03","0.020","1"
"Pisticci","p-Xilene","µg/m≥","08/06/2021","04","0.010","1"
"Pisticci","p-Xilene","µg/m≥","08/06/2021","05","0.080","1"
"Pisticci","p-Xilene","µg/m≥","08/06/2021","06","0.020","1"
"Pisticci","p-Xilene","µg/m≥","08/06/2021","07","0.030","1"
"Pisticci","p-Xilene","µg/m≥","08/06/2021","08","0.050","1"
"Pisticci","p-Xilene","µg/m≥","08/06/2021","09","0.060","1"
"Pisticci","p-Xilene","µg/m≥","08/06/2021","10","0.030","1"
"Pisticci","p-Xilene","µg/m≥","08/06/2021","11","0.030","1"
"Pisticci","p-Xilene","µg/m≥","08/06/2021","12","0.030","1"
"Pisticci","p-Xilene","µg/m≥","08/06/2021","13","0.020","1"
"Pisticci","p-Xilene","µg/m≥","08/06/2021","14","0.020","1"
"Pisticci","p-Xilene","µg/m≥","08/06/2021","15","0.020","1"
"Pisticci","p-Xilene","µg/m≥","08/06/2021","16","0.030","1"
"Pisticci","p-Xilene","µg/m≥","08/06/2021","17","0.040","1"
"Pisticci","p-Xilene","µg/m≥","08/06/2021","18","0.110","1"
"Pisticci","p-Xilene","µg/m≥","08/06/2021","19","0.040","1"
"Pisticci","p-Xilene","µg/m≥","08/06/2021","20","0.070","1"
"Pisticci","p-Xilene","µg/m≥","08/06/2021","21","0.080","1"
"Pisticci","p-Xilene","µg/m≥","08/06/2021","22","0.040","1"
"Pisticci","p-Xilene","µg/m≥","08/06/2021","23","0.030","1"
"Pisticci","p-Xilene","µg/m≥","08/06/2021","24","0.030","1"
"Pisticci","p-Xilene","µg/m≥","09/06/2021","01","0.030","1"
"Pisticci","p-Xilene","µg/m≥","09/06/2021","02","0.010","1"
"Pisticci","p-Xilene","µg/m≥","09/06/2021","03","0.010","1"
"Pisticci","p-Xilene","µg/m≥","09/06/2021","04","0.010","1"
"Pisticci","p-Xilene","µg/m≥","09/06/2021","05","0.020","1"
"Pisticci","p-Xilene","µg/m≥","09/06/2021","06","0.030","1"
"Pisticci","p-Xilene","µg/m≥","09/06/2021","07","0.040","1"
"Pisticci","p-Xilene","µg/m≥","09/06/2021","08","0.020","1"
"Pisticci","p-Xilene","µg/m≥","09/06/2021","09","0.060","1"
"Pisticci","p-Xilene","µg/m≥","09/06/2021","10","0.010","1"
"Pisticci","p-Xilene","µg/m≥","09/06/2021","11","0.010","1"
"Pisticci","p-Xilene","µg/m≥","09/06/2021","12","0.080","1"
"Pisticci","p-Xilene","µg/m≥","09/06/2021","13","0.060","1"
"Pisticci","p-Xilene","µg/m≥","09/06/2021","14","0.050","1"
"Pisticci","p-Xilene","µg/m≥","09/06/2021","15","0.050","1"
"Pisticci","p-Xilene","µg/m≥","09/06/2021","16","0.050","1"
"Pisticci","p-Xilene","µg/m≥","09/06/2021","17","0.130","1"
"Pisticci","p-Xilene","µg/m≥","09/06/2021","18","0.020","1"
"Pisticci","p-Xilene","µg/m≥","09/06/2021","19","0.020","1"
"Pisticci","p-Xilene","µg/m≥","09/06/2021","20","0.070","1"
"Pisticci","p-Xilene","µg/m≥","09/06/2021","21","0.020","1"
"Pisticci","p-Xilene","µg/m≥","09/06/2021","22","0.060","1"
"Pisticci","p-Xilene","µg/m≥","09/06/2021","23","0.020","1"
"Pisticci","p-Xilene","µg/m≥","09/06/2021","24","0.020","1"
"Pisticci","p-Xilene","µg/m≥","10/06/2021","01","0.020","1"
"Pisticci","p-Xilene","µg/m≥","10/06/2021","02","0.020","1"
"Pisticci","p-Xilene","µg/m≥","10/06/2021","03","0.040","1"
"Pisticci","p-Xilene","µg/m≥","10/06/2021","04","0.010","1"
"Pisticci","p-Xilene","µg/m≥","10/06/2021","05","0.010","1"
"Pisticci","p-Xilene","µg/m≥","10/06/2021","06","0.010","1"
"Pisticci","p-Xilene","µg/m≥","10/06/2021","07","0.020","1"
"Pisticci","p-Xilene","µg/m≥","10/06/2021","08","0.010","1"
"Pisticci","p-Xilene","µg/m≥","10/06/2021","09","-9999","-1"
"Pisticci","p-Xilene","µg/m≥","10/06/2021","10","-9999","-1"
"Pisticci","p-Xilene","µg/m≥","10/06/2021","11","-9999","-1"
"Pisticci","p-Xilene","µg/m≥","10/06/2021","12","11.800","-1"
"Pisticci","p-Xilene","µg/m≥","10/06/2021","13","0.230","-1"
"Pisticci","p-Xilene","µg/m≥","10/06/2021","14","0.020","1"
"Pisticci","p-Xilene","µg/m≥","10/06/2021","15","0.050","1"
"Pisticci","p-Xilene","µg/m≥","10/06/2021","16","0.050","1"
"Pisticci","p-Xilene","µg/m≥","10/06/2021","17","0.020","1"
"Pisticci","p-Xilene","µg/m≥","10/06/2021","18","0.050","1"
"Pisticci","p-Xilene","µg/m≥","10/06/2021","19","0.020","1"
"Pisticci","p-Xilene","µg/m≥","10/06/2021","20","0.030","1"
"Pisticci","p-Xilene","µg/m≥","10/06/2021","21","0.050","1"
"Pisticci","p-Xilene","µg/m≥","10/06/2021","22","0.020","1"
"Pisticci","p-Xilene","µg/m≥","10/06/2021","23","0.050","1"
"Pisticci","p-Xilene","µg/m≥","10/06/2021","24","0.010","1"
"Pisticci","p-Xilene","µg/m≥","11/06/2021","01","0.010","1"
"Pisticci","p-Xilene","µg/m≥","11/06/2021","02","0.030","1"
"Pisticci","p-Xilene","µg/m≥","11/06/2021","03","0.010","1"
"Pisticci","p-Xilene","µg/m≥","11/06/2021","04","0.010","1"
"Pisticci","p-Xilene","µg/m≥","11/06/2021","05","0.040","1"
"Pisticci","p-Xilene","µg/m≥","11/06/2021","06","0.020","1"
"Pisticci","p-Xilene","µg/m≥","11/06/2021","07","0.010","1"
"Pisticci","p-Xilene","µg/m≥","11/06/2021","08","0.020","1"
"Pisticci","p-Xilene","µg/m≥","11/06/2021","09","0.020","1"
"Pisticci","p-Xilene","µg/m≥","11/06/2021","10","0.020","1"
"Pisticci","p-Xilene","µg/m≥","11/06/2021","11","0.020","1"
"Pisticci","p-Xilene","µg/m≥","11/06/2021","12","0.020","1"
"Pisticci","p-Xilene","µg/m≥","11/06/2021","13","0.020","1"
"Pisticci","p-Xilene","µg/m≥","11/06/2021","14","0.080","1"
"Pisticci","p-Xilene","µg/m≥","11/06/2021","15","0.040","1"
"Pisticci","p-Xilene","µg/m≥","11/06/2021","16","0.020","1"
"Pisticci","p-Xilene","µg/m≥","11/06/2021","17","0.030","1"
"Pisticci","p-Xilene","µg/m≥","11/06/2021","18","0.020","1"
"Pisticci","p-Xilene","µg/m≥","11/06/2021","19","0.020","1"
"Pisticci","p-Xilene","µg/m≥","11/06/2021","20","0.030","1"
"Pisticci","p-Xilene","µg/m≥","11/06/2021","21","0.020","1"
"Pisticci","p-Xilene","µg/m≥","11/06/2021","22","0.040","1"
"Pisticci","p-Xilene","µg/m≥","11/06/2021","23","0.070","1"
"Pisticci","p-Xilene","µg/m≥","11/06/2021","24","0.020","1"
"Pisticci","p-Xilene","µg/m≥","12/06/2021","01","0.020","1"
"Pisticci","p-Xilene","µg/m≥","12/06/2021","02","0.010","1"
"Pisticci","p-Xilene","µg/m≥","12/06/2021","03","0.060","1"
"Pisticci","p-Xilene","µg/m≥","12/06/2021","04","0.020","1"
"Pisticci","p-Xilene","µg/m≥","12/06/2021","05","0.030","1"
"Pisticci","p-Xilene","µg/m≥","12/06/2021","06","0.040","1"
"Pisticci","p-Xilene","µg/m≥","12/06/2021","07","0.020","1"
"Pisticci","p-Xilene","µg/m≥","12/06/2021","08","0.140","1"
"Pisticci","p-Xilene","µg/m≥","12/06/2021","09","0.120","1"
"Pisticci","p-Xilene","µg/m≥","12/06/2021","10","0.060","1"
"Pisticci","p-Xilene","µg/m≥","12/06/2021","11","0.020","1"
"Pisticci","p-Xilene","µg/m≥","12/06/2021","12","0.010","1"
"Pisticci","p-Xilene","µg/m≥","12/06/2021","13","0.020","1"
"Pisticci","p-Xilene","µg/m≥","12/06/2021","14","0.030","1"
"Pisticci","p-Xilene","µg/m≥","12/06/2021","15","0.110","1"
"Pisticci","p-Xilene","µg/m≥","12/06/2021","16","0.020","1"
"Pisticci","p-Xilene","µg/m≥","12/06/2021","17","0.020","1"
"Pisticci","p-Xilene","µg/m≥","12/06/2021","18","0.020","1"
"Pisticci","p-Xilene","µg/m≥","12/06/2021","19","0.020","1"
"Pisticci","p-Xilene","µg/m≥","12/06/2021","20","0.010","1"
"Pisticci","p-Xilene","µg/m≥","12/06/2021","21","0.030","1"
"Pisticci","p-Xilene","µg/m≥","12/06/2021","22","0.050","1"
"Pisticci","p-Xilene","µg/m≥","12/06/2021","23","0.030","1"
"Pisticci","p-Xilene","µg/m≥","12/06/2021","24","0.080","1"
"Pisticci","p-Xilene","µg/m≥","13/06/2021","01","0.020","1"
"Pisticci","p-Xilene","µg/m≥","13/06/2021","02","0.040","1"
"Pisticci","p-Xilene","µg/m≥","13/06/2021","03","0.050","1"
"Pisticci","p-Xilene","µg/m≥","13/06/2021","04","0.050","1"
"Pisticci","p-Xilene","µg/m≥","13/06/2021","05","0.010","1"
"Pisticci","p-Xilene","µg/m≥","13/06/2021","06","0.020","1"
"Pisticci","p-Xilene","µg/m≥","13/06/2021","07","0.020","1"
"Pisticci","p-Xilene","µg/m≥","13/06/2021","08","0.020","1"
"Pisticci","p-Xilene","µg/m≥","13/06/2021","09","0.030","1"
"Pisticci","p-Xilene","µg/m≥","13/06/2021","10","0.020","1"
"Pisticci","p-Xilene","µg/m≥","13/06/2021","11","0.020","1"
"Pisticci","p-Xilene","µg/m≥","13/06/2021","12","0.010","1"
"Pisticci","p-Xilene","µg/m≥","13/06/2021","13","0.020","1"
"Pisticci","p-Xilene","µg/m≥","13/06/2021","14","0.020","1"
"Pisticci","p-Xilene","µg/m≥","13/06/2021","15","0.010","1"
"Pisticci","p-Xilene","µg/m≥","13/06/2021","16","0.020","1"
"Pisticci","p-Xilene","µg/m≥","13/06/2021","17","0.020","1"
"Pisticci","p-Xilene","µg/m≥","13/06/2021","18","0.030","1"
"Pisticci","p-Xilene","µg/m≥","13/06/2021","19","0.030","1"
"Pisticci","p-Xilene","µg/m≥","13/06/2021","20","0.130","1"
"Pisticci","p-Xilene","µg/m≥","13/06/2021","21","0.350","1"
"Pisticci","p-Xilene","µg/m≥","13/06/2021","22","0.190","1"
"Pisticci","p-Xilene","µg/m≥","13/06/2021","23","0.090","1"
"Pisticci","p-Xilene","µg/m≥","13/06/2021","24","0.030","1"
"Pisticci","p-Xilene","µg/m≥","14/06/2021","01","0.020","1"
"Pisticci","p-Xilene","µg/m≥","14/06/2021","02","0.110","1"
"Pisticci","p-Xilene","µg/m≥","14/06/2021","03","0.040","1"
"Pisticci","p-Xilene","µg/m≥","14/06/2021","04","0.060","1"
"Pisticci","p-Xilene","µg/m≥","14/06/2021","05","0.070","1"
"Pisticci","p-Xilene","µg/m≥","14/06/2021","06","0.090","1"
"Pisticci","p-Xilene","µg/m≥","14/06/2021","07","0.110","1"
"Pisticci","p-Xilene","µg/m≥","14/06/2021","08","0.200","1"
"Pisticci","p-Xilene","µg/m≥","14/06/2021","09","0.020","1"
"Pisticci","p-Xilene","µg/m≥","14/06/2021","10","0.080","1"
"Pisticci","p-Xilene","µg/m≥","14/06/2021","11","0.030","1"
"Pisticci","p-Xilene","µg/m≥","14/06/2021","12","0.120","1"
"Pisticci","p-Xilene","µg/m≥","14/06/2021","13","0.030","1"
"Pisticci","p-Xilene","µg/m≥","14/06/2021","14","0.030","1"
"Pisticci","p-Xilene","µg/m≥","14/06/2021","15","0.020","1"
"Pisticci","p-Xilene","µg/m≥","14/06/2021","16","0.050","1"
"Pisticci","p-Xilene","µg/m≥","14/06/2021","17","0.040","1"
"Pisticci","p-Xilene","µg/m≥","14/06/2021","18","0.050","1"
"Pisticci","p-Xilene","µg/m≥","14/06/2021","19","0.130","1"
"Pisticci","p-Xilene","µg/m≥","14/06/2021","20","0.080","1"
"Pisticci","p-Xilene","µg/m≥","14/06/2021","21","0.030","1"
"Pisticci","p-Xilene","µg/m≥","14/06/2021","22","0.020","1"
"Pisticci","p-Xilene","µg/m≥","14/06/2021","23","0.030","1"
"Pisticci","p-Xilene","µg/m≥","14/06/2021","24","0.030","1"
"Pisticci","p-Xilene","µg/m≥","15/06/2021","01","0.020","1"
"Pisticci","p-Xilene","µg/m≥","15/06/2021","02","0.020","1"
"Pisticci","p-Xilene","µg/m≥","15/06/2021","03","0.050","1"
"Pisticci","p-Xilene","µg/m≥","15/06/2021","04","0.060","1"
"Pisticci","p-Xilene","µg/m≥","15/06/2021","05","0.140","1"
"Pisticci","p-Xilene","µg/m≥","15/06/2021","06","0.040","1"
"Pisticci","p-Xilene","µg/m≥","15/06/2021","07","0.200","1"
"Pisticci","p-Xilene","µg/m≥","15/06/2021","08","0.120","1"
"Pisticci","p-Xilene","µg/m≥","15/06/2021","09","0.030","1"
"Pisticci","p-Xilene","µg/m≥","15/06/2021","10","0.210","1"
"Pisticci","p-Xilene","µg/m≥","15/06/2021","11","0.090","1"
"Pisticci","p-Xilene","µg/m≥","15/06/2021","12","0.020","1"
"Pisticci","p-Xilene","µg/m≥","15/06/2021","13","0.050","1"
"Pisticci","p-Xilene","µg/m≥","15/06/2021","14","0.050","1"
"Pisticci","p-Xilene","µg/m≥","15/06/2021","15","-9999","-1"
"Pisticci","p-Xilene","µg/m≥","15/06/2021","16","-9999","-1"
"Pisticci","p-Xilene","µg/m≥","15/06/2021","17","-9999","-1"
"Pisticci","p-Xilene","µg/m≥","15/06/2021","18","-9999","-1"
"Pisticci","p-Xilene","µg/m≥","15/06/2021","19","1.910","-1"
"Pisticci","p-Xilene","µg/m≥","15/06/2021","20","0.360","1"
"Pisticci","p-Xilene","µg/m≥","15/06/2021","21","0.060","1"
"Pisticci","p-Xilene","µg/m≥","15/06/2021","22","0.300","1"
"Pisticci","p-Xilene","µg/m≥","15/06/2021","23","0.290","1"
"Pisticci","p-Xilene","µg/m≥","15/06/2021","24","0.250","1"
"Pisticci","p-Xilene","µg/m≥","16/06/2021","01","0.070","1"
"Pisticci","p-Xilene","µg/m≥","16/06/2021","02","0.110","1"
"Pisticci","p-Xilene","µg/m≥","16/06/2021","03","0.140","1"
"Pisticci","p-Xilene","µg/m≥","16/06/2021","04","0.030","1"
"Pisticci","p-Xilene","µg/m≥","16/06/2021","05","0.100","1"
"Pisticci","p-Xilene","µg/m≥","16/06/2021","06","0.050","1"
"Pisticci","p-Xilene","µg/m≥","16/06/2021","07","0.070","1"
"Pisticci","p-Xilene","µg/m≥","16/06/2021","08","0.150","1"
"Pisticci","p-Xilene","µg/m≥","16/06/2021","09","0.050","1"
"Pisticci","p-Xilene","µg/m≥","16/06/2021","10","0.050","1"
"Pisticci","p-Xilene","µg/m≥","16/06/2021","11","0.040","1"
"Pisticci","p-Xilene","µg/m≥","16/06/2021","12","0.100","1"
"Pisticci","p-Xilene","µg/m≥","16/06/2021","13","0.020","1"
"Pisticci","p-Xilene","µg/m≥","16/06/2021","14","0.030","1"
"Pisticci","p-Xilene","µg/m≥","16/06/2021","15","0.070","1"
"Pisticci","p-Xilene","µg/m≥","16/06/2021","16","0.150","1"
"Pisticci","p-Xilene","µg/m≥","16/06/2021","17","0.050","1"
"Pisticci","p-Xilene","µg/m≥","16/06/2021","18","0.050","1"
"Pisticci","p-Xilene","µg/m≥","16/06/2021","19","0.080","1"
"Pisticci","p-Xilene","µg/m≥","16/06/2021","20","0.560","1"
"Pisticci","p-Xilene","µg/m≥","16/06/2021","21","0.270","1"
"Pisticci","p-Xilene","µg/m≥","16/06/2021","22","0.060","1"
"Pisticci","p-Xilene","µg/m≥","16/06/2021","23","0.070","1"
"Pisticci","p-Xilene","µg/m≥","16/06/2021","24","0.090","1"
"Pisticci","p-Xilene","µg/m≥","17/06/2021","01","0.050","1"
"Pisticci","p-Xilene","µg/m≥","17/06/2021","02","0.170","1"
"Pisticci","p-Xilene","µg/m≥","17/06/2021","03","0.070","1"
"Pisticci","p-Xilene","µg/m≥","17/06/2021","04","0.040","1"
"Pisticci","p-Xilene","µg/m≥","17/06/2021","05","0.100","1"
"Pisticci","p-Xilene","µg/m≥","17/06/2021","06","0.130","1"
"Pisticci","p-Xilene","µg/m≥","17/06/2021","07","0.150","1"
"Pisticci","p-Xilene","µg/m≥","17/06/2021","08","0.060","-1"
"Pisticci","p-Xilene","µg/m≥","17/06/2021","09","-9999","-1"
"Pisticci","p-Xilene","µg/m≥","17/06/2021","10","-9999","-1"
"Pisticci","p-Xilene","µg/m≥","17/06/2021","11","-9999","-1"
"Pisticci","p-Xilene","µg/m≥","17/06/2021","12","-9999","-1"
"Pisticci","p-Xilene","µg/m≥","17/06/2021","13","-9999","-1"
"Pisticci","p-Xilene","µg/m≥","17/06/2021","14","-9999","-1"
"Pisticci","p-Xilene","µg/m≥","17/06/2021","15","-9999","-1"
"Pisticci","p-Xilene","µg/m≥","17/06/2021","16","0.020","1"
"Pisticci","p-Xilene","µg/m≥","17/06/2021","17","0.050","1"
"Pisticci","p-Xilene","µg/m≥","17/06/2021","18","0.160","1"
"Pisticci","p-Xilene","µg/m≥","17/06/2021","19","0.060","1"
"Pisticci","p-Xilene","µg/m≥","17/06/2021","20","0.030","1"
"Pisticci","p-Xilene","µg/m≥","17/06/2021","21","0.020","1"
"Pisticci","p-Xilene","µg/m≥","17/06/2021","22","0.050","1"
"Pisticci","p-Xilene","µg/m≥","17/06/2021","23","0.070","1"
"Pisticci","p-Xilene","µg/m≥","17/06/2021","24","0.020","1"
"Pisticci","p-Xilene","µg/m≥","18/06/2021","01","0.150","1"
"Pisticci","p-Xilene","µg/m≥","18/06/2021","02","0.080","1"
"Pisticci","p-Xilene","µg/m≥","18/06/2021","03","0.060","1"
"Pisticci","p-Xilene","µg/m≥","18/06/2021","04","0.200","1"
"Pisticci","p-Xilene","µg/m≥","18/06/2021","05","0.040","1"
"Pisticci","p-Xilene","µg/m≥","18/06/2021","06","0.040","1"
"Pisticci","p-Xilene","µg/m≥","18/06/2021","07","0.050","1"
"Pisticci","p-Xilene","µg/m≥","18/06/2021","08","0.050","1"
"Pisticci","p-Xilene","µg/m≥","18/06/2021","09","0.030","1"
"Pisticci","p-Xilene","µg/m≥","18/06/2021","10","0.020","1"
"Pisticci","p-Xilene","µg/m≥","18/06/2021","11","0.020","1"
"Pisticci","p-Xilene","µg/m≥","18/06/2021","12","0.030","1"
"Pisticci","p-Xilene","µg/m≥","18/06/2021","13","0.030","1"
"Pisticci","p-Xilene","µg/m≥","18/06/2021","14","0.010","1"
"Pisticci","p-Xilene","µg/m≥","18/06/2021","15","0.030","1"
"Pisticci","p-Xilene","µg/m≥","18/06/2021","16","0.010","1"
"Pisticci","p-Xilene","µg/m≥","18/06/2021","17","0.030","1"
"Pisticci","p-Xilene","µg/m≥","18/06/2021","18","0.290","1"
"Pisticci","p-Xilene","µg/m≥","18/06/2021","19","0.050","1"
"Pisticci","p-Xilene","µg/m≥","18/06/2021","20","0.030","1"
"Pisticci","p-Xilene","µg/m≥","18/06/2021","21","0.010","1"
"Pisticci","p-Xilene","µg/m≥","18/06/2021","22","0.050","1"
"Pisticci","p-Xilene","µg/m≥","18/06/2021","23","0.060","1"
"Pisticci","p-Xilene","µg/m≥","18/06/2021","24","0.040","1"
"Pisticci","p-Xilene","µg/m≥","19/06/2021","01","0.110","1"
"Pisticci","p-Xilene","µg/m≥","19/06/2021","02","0.110","1"
"Pisticci","p-Xilene","µg/m≥","19/06/2021","03","0.020","1"
"Pisticci","p-Xilene","µg/m≥","19/06/2021","04","0.060","1"
"Pisticci","p-Xilene","µg/m≥","19/06/2021","05","0.020","1"
"Pisticci","p-Xilene","µg/m≥","19/06/2021","06","0.080","1"
"Pisticci","p-Xilene","µg/m≥","19/06/2021","07","0.010","1"
"Pisticci","p-Xilene","µg/m≥","19/06/2021","08","0.040","1"
"Pisticci","p-Xilene","µg/m≥","19/06/2021","09","0.030","1"
"Pisticci","p-Xilene","µg/m≥","19/06/2021","10","0.030","1"
"Pisticci","p-Xilene","µg/m≥","19/06/2021","11","0.020","1"
"Pisticci","p-Xilene","µg/m≥","19/06/2021","12","0.020","1"
"Pisticci","p-Xilene","µg/m≥","19/06/2021","13","0.020","1"
"Pisticci","p-Xilene","µg/m≥","19/06/2021","14","0.020","1"
"Pisticci","p-Xilene","µg/m≥","19/06/2021","15","0.060","1"
"Pisticci","p-Xilene","µg/m≥","19/06/2021","16","0.060","1"
"Pisticci","p-Xilene","µg/m≥","19/06/2021","17","0.020","1"
"Pisticci","p-Xilene","µg/m≥","19/06/2021","18","0.010","1"
"Pisticci","p-Xilene","µg/m≥","19/06/2021","19","0.070","1"
"Pisticci","p-Xilene","µg/m≥","19/06/2021","20","0.220","1"
"Pisticci","p-Xilene","µg/m≥","19/06/2021","21","0.140","1"
"Pisticci","p-Xilene","µg/m≥","19/06/2021","22","0.130","1"
"Pisticci","p-Xilene","µg/m≥","19/06/2021","23","0.170","1"
"Pisticci","p-Xilene","µg/m≥","19/06/2021","24","0.100","1"
"Pisticci","p-Xilene","µg/m≥","20/06/2021","01","0.180","1"
"Pisticci","p-Xilene","µg/m≥","20/06/2021","02","0.170","1"
"Pisticci","p-Xilene","µg/m≥","20/06/2021","03","0.070","1"
"Pisticci","p-Xilene","µg/m≥","20/06/2021","04","0.050","1"
"Pisticci","p-Xilene","µg/m≥","20/06/2021","05","0.060","1"
"Pisticci","p-Xilene","µg/m≥","20/06/2021","06","0.070","1"
"Pisticci","p-Xilene","µg/m≥","20/06/2021","07","0.020","1"
"Pisticci","p-Xilene","µg/m≥","20/06/2021","08","0.030","1"
"Pisticci","p-Xilene","µg/m≥","20/06/2021","09","0.020","1"
"Pisticci","p-Xilene","µg/m≥","20/06/2021","10","0.040","1"
"Pisticci","p-Xilene","µg/m≥","20/06/2021","11","0.020","1"
"Pisticci","p-Xilene","µg/m≥","20/06/2021","12","0.070","1"
"Pisticci","p-Xilene","µg/m≥","20/06/2021","13","0.030","1"
"Pisticci","p-Xilene","µg/m≥","20/06/2021","14","0.070","1"
"Pisticci","p-Xilene","µg/m≥","20/06/2021","15","0.010","1"
"Pisticci","p-Xilene","µg/m≥","20/06/2021","16","0.030","1"
"Pisticci","p-Xilene","µg/m≥","20/06/2021","17","0.020","1"
"Pisticci","p-Xilene","µg/m≥","20/06/2021","18","0.000","1"
"Pisticci","p-Xilene","µg/m≥","20/06/2021","19","0.020","1"
"Pisticci","p-Xilene","µg/m≥","20/06/2021","20","0.020","1"
"Pisticci","p-Xilene","µg/m≥","20/06/2021","21","0.050","1"
"Pisticci","p-Xilene","µg/m≥","20/06/2021","22","0.080","1"
"Pisticci","p-Xilene","µg/m≥","20/06/2021","23","0.270","1"
"Pisticci","p-Xilene","µg/m≥","20/06/2021","24","0.640","1"
"Pisticci","p-Xilene","µg/m≥","21/06/2021","01","0.170","1"
"Pisticci","p-Xilene","µg/m≥","21/06/2021","02","0.100","1"
"Pisticci","p-Xilene","µg/m≥","21/06/2021","03","0.170","1"
"Pisticci","p-Xilene","µg/m≥","21/06/2021","04","0.350","1"
"Pisticci","p-Xilene","µg/m≥","21/06/2021","05","0.180","1"
"Pisticci","p-Xilene","µg/m≥","21/06/2021","06","0.200","1"
"Pisticci","p-Xilene","µg/m≥","21/06/2021","07","0.230","1"
"Pisticci","p-Xilene","µg/m≥","21/06/2021","08","0.190","1"
"Pisticci","p-Xilene","µg/m≥","21/06/2021","09","0.090","1"
"Pisticci","p-Xilene","µg/m≥","21/06/2021","10","0.240","1"
"Pisticci","p-Xilene","µg/m≥","21/06/2021","11","0.080","1"
"Pisticci","p-Xilene","µg/m≥","21/06/2021","12","0.020","1"
"Pisticci","p-Xilene","µg/m≥","21/06/2021","13","0.040","1"
"Pisticci","p-Xilene","µg/m≥","21/06/2021","14","0.020","1"
"Pisticci","p-Xilene","µg/m≥","21/06/2021","15","0.010","1"
"Pisticci","p-Xilene","µg/m≥","21/06/2021","16","0.020","1"
"Pisticci","p-Xilene","µg/m≥","21/06/2021","17","0.010","1"
"Pisticci","p-Xilene","µg/m≥","21/06/2021","18","0.010","1"
"Pisticci","p-Xilene","µg/m≥","21/06/2021","19","0.010","1"
"Pisticci","p-Xilene","µg/m≥","21/06/2021","20","0.020","1"
"Pisticci","p-Xilene","µg/m≥","21/06/2021","21","0.040","1"
"Pisticci","p-Xilene","µg/m≥","21/06/2021","22","0.020","1"
"Pisticci","p-Xilene","µg/m≥","21/06/2021","23","0.040","1"
"Pisticci","p-Xilene","µg/m≥","21/06/2021","24","0.030","1"
"Pisticci","p-Xilene","µg/m≥","22/06/2021","01","0.030","1"
"Pisticci","p-Xilene","µg/m≥","22/06/2021","02","0.020","1"
"Pisticci","p-Xilene","µg/m≥","22/06/2021","03","0.060","1"
"Pisticci","p-Xilene","µg/m≥","22/06/2021","04","0.050","1"
"Pisticci","p-Xilene","µg/m≥","22/06/2021","05","0.070","1"
"Pisticci","p-Xilene","µg/m≥","22/06/2021","06","0.110","1"
"Pisticci","p-Xilene","µg/m≥","22/06/2021","07","0.060","1"
"Pisticci","p-Xilene","µg/m≥","22/06/2021","08","-9999","-1"
"Pisticci","p-Xilene","µg/m≥","22/06/2021","09","-9999","-1"
"Pisticci","p-Xilene","µg/m≥","22/06/2021","10","-9999","-1"
"Pisticci","p-Xilene","µg/m≥","22/06/2021","11","-9999","-1"
"Pisticci","p-Xilene","µg/m≥","22/06/2021","12","0.840","-1"
"Pisticci","p-Xilene","µg/m≥","22/06/2021","13","0.560","1"
"Pisticci","p-Xilene","µg/m≥","22/06/2021","14","0.220","1"
"Pisticci","p-Xilene","µg/m≥","22/06/2021","15","0.070","1"
"Pisticci","p-Xilene","µg/m≥","22/06/2021","16","0.130","1"
"Pisticci","p-Xilene","µg/m≥","22/06/2021","17","0.020","1"
"Pisticci","p-Xilene","µg/m≥","22/06/2021","18","0.130","1"
"Pisticci","p-Xilene","µg/m≥","22/06/2021","19","0.050","1"
"Pisticci","p-Xilene","µg/m≥","22/06/2021","20","0.130","1"
"Pisticci","p-Xilene","µg/m≥","22/06/2021","21","0.110","1"
"Pisticci","p-Xilene","µg/m≥","22/06/2021","22","0.060","1"
"Pisticci","p-Xilene","µg/m≥","22/06/2021","23","0.090","1"
"Pisticci","p-Xilene","µg/m≥","22/06/2021","24","0.060","1"
"Pisticci","p-Xilene","µg/m≥","23/06/2021","01","0.120","1"
"Pisticci","p-Xilene","µg/m≥","23/06/2021","02","0.050","1"
"Pisticci","p-Xilene","µg/m≥","23/06/2021","03","0.120","1"
"Pisticci","p-Xilene","µg/m≥","23/06/2021","04","0.200","1"
"Pisticci","p-Xilene","µg/m≥","23/06/2021","05","0.050","1"
"Pisticci","p-Xilene","µg/m≥","23/06/2021","06","0.170","1"
"Pisticci","p-Xilene","µg/m≥","23/06/2021","07","0.050","1"
"Pisticci","p-Xilene","µg/m≥","23/06/2021","08","0.080","1"
"Pisticci","p-Xilene","µg/m≥","23/06/2021","09","0.050","1"
"Pisticci","p-Xilene","µg/m≥","23/06/2021","10","0.110","1"
"Pisticci","p-Xilene","µg/m≥","23/06/2021","11","0.220","1"
"Pisticci","p-Xilene","µg/m≥","23/06/2021","12","0.070","1"
"Pisticci","p-Xilene","µg/m≥","23/06/2021","13","0.050","1"
"Pisticci","p-Xilene","µg/m≥","23/06/2021","14","0.070","1"
"Pisticci","p-Xilene","µg/m≥","23/06/2021","15","0.040","1"
"Pisticci","p-Xilene","µg/m≥","23/06/2021","16","0.100","1"
"Pisticci","p-Xilene","µg/m≥","23/06/2021","17","0.020","1"
"Pisticci","p-Xilene","µg/m≥","23/06/2021","18","0.070","1"
"Pisticci","p-Xilene","µg/m≥","23/06/2021","19","0.020","1"
"Pisticci","p-Xilene","µg/m≥","23/06/2021","20","0.050","1"
"Pisticci","p-Xilene","µg/m≥","23/06/2021","21","0.230","1"
"Pisticci","p-Xilene","µg/m≥","23/06/2021","22","0.170","1"
"Pisticci","p-Xilene","µg/m≥","23/06/2021","23","0.170","1"
"Pisticci","p-Xilene","µg/m≥","23/06/2021","24","0.050","1"
"Pisticci","p-Xilene","µg/m≥","24/06/2021","01","0.060","1"
"Pisticci","p-Xilene","µg/m≥","24/06/2021","02","0.180","1"
"Pisticci","p-Xilene","µg/m≥","24/06/2021","03","0.210","1"
"Pisticci","p-Xilene","µg/m≥","24/06/2021","04","0.040","1"
"Pisticci","p-Xilene","µg/m≥","24/06/2021","05","0.060","1"
"Pisticci","p-Xilene","µg/m≥","24/06/2021","06","0.220","1"
"Pisticci","p-Xilene","µg/m≥","24/06/2021","07","0.180","1"
"Pisticci","p-Xilene","µg/m≥","24/06/2021","08","0.120","1"
"Pisticci","p-Xilene","µg/m≥","24/06/2021","09","0.060","1"
"Pisticci","p-Xilene","µg/m≥","24/06/2021","10","0.110","1"
"Pisticci","p-Xilene","µg/m≥","24/06/2021","11","0.090","1"
"Pisticci","p-Xilene","µg/m≥","24/06/2021","12","0.060","1"
"Pisticci","p-Xilene","µg/m≥","24/06/2021","13","0.020","1"
"Pisticci","p-Xilene","µg/m≥","24/06/2021","14","0.090","1"
"Pisticci","p-Xilene","µg/m≥","24/06/2021","15","0.120","1"
"Pisticci","p-Xilene","µg/m≥","24/06/2021","16","0.030","1"
"Pisticci","p-Xilene","µg/m≥","24/06/2021","17","0.200","1"
"Pisticci","p-Xilene","µg/m≥","24/06/2021","18","0.140","1"
"Pisticci","p-Xilene","µg/m≥","24/06/2021","19","0.150","1"
"Pisticci","p-Xilene","µg/m≥","24/06/2021","20","0.510","1"
"Pisticci","p-Xilene","µg/m≥","24/06/2021","21","0.240","1"
"Pisticci","p-Xilene","µg/m≥","24/06/2021","22","0.150","1"
"Pisticci","p-Xilene","µg/m≥","24/06/2021","23","0.090","1"
"Pisticci","p-Xilene","µg/m≥","24/06/2021","24","0.130","1"
"Pisticci","p-Xilene","µg/m≥","25/06/2021","01","0.060","1"
"Pisticci","p-Xilene","µg/m≥","25/06/2021","02","0.080","1"
"Pisticci","p-Xilene","µg/m≥","25/06/2021","03","0.120","1"
"Pisticci","p-Xilene","µg/m≥","25/06/2021","04","0.040","1"
"Pisticci","p-Xilene","µg/m≥","25/06/2021","05","0.120","1"
"Pisticci","p-Xilene","µg/m≥","25/06/2021","06","0.080","1"
"Pisticci","p-Xilene","µg/m≥","25/06/2021","07","0.090","1"
"Pisticci","p-Xilene","µg/m≥","25/06/2021","08","0.050","1"
"Pisticci","p-Xilene","µg/m≥","25/06/2021","09","0.060","1"
"Pisticci","p-Xilene","µg/m≥","25/06/2021","10","0.080","1"
"Pisticci","p-Xilene","µg/m≥","25/06/2021","11","0.930","1"
"Pisticci","p-Xilene","µg/m≥","25/06/2021","12","0.030","1"
"Pisticci","p-Xilene","µg/m≥","25/06/2021","13","0.070","1"
"Pisticci","p-Xilene","µg/m≥","25/06/2021","14","0.040","1"
"Pisticci","p-Xilene","µg/m≥","25/06/2021","15","0.040","1"
"Pisticci","p-Xilene","µg/m≥","25/06/2021","16","0.040","1"
"Pisticci","p-Xilene","µg/m≥","25/06/2021","17","0.140","1"
"Pisticci","p-Xilene","µg/m≥","25/06/2021","18","0.040","1"
"Pisticci","p-Xilene","µg/m≥","25/06/2021","19","0.140","1"
"Pisticci","p-Xilene","µg/m≥","25/06/2021","20","0.470","1"
"Pisticci","p-Xilene","µg/m≥","25/06/2021","21","1.220","1"
"Pisticci","p-Xilene","µg/m≥","25/06/2021","22","0.320","1"
"Pisticci","p-Xilene","µg/m≥","25/06/2021","23","0.240","1"
"Pisticci","p-Xilene","µg/m≥","25/06/2021","24","0.790","1"
"Pisticci","p-Xilene","µg/m≥","26/06/2021","01","1.960","1"
"Pisticci","p-Xilene","µg/m≥","26/06/2021","02","1.630","1"
"Pisticci","p-Xilene","µg/m≥","26/06/2021","03","0.960","1"
"Pisticci","p-Xilene","µg/m≥","26/06/2021","04","0.120","1"
"Pisticci","p-Xilene","µg/m≥","26/06/2021","05","0.620","1"
"Pisticci","p-Xilene","µg/m≥","26/06/2021","06","0.280","1"
"Pisticci","p-Xilene","µg/m≥","26/06/2021","07","0.110","1"
"Pisticci","p-Xilene","µg/m≥","26/06/2021","08","0.160","1"
"Pisticci","p-Xilene","µg/m≥","26/06/2021","09","0.160","1"
"Pisticci","p-Xilene","µg/m≥","26/06/2021","10","0.400","1"
"Pisticci","p-Xilene","µg/m≥","26/06/2021","11","0.380","1"
"Pisticci","p-Xilene","µg/m≥","26/06/2021","12","0.080","1"
"Pisticci","p-Xilene","µg/m≥","26/06/2021","13","0.070","1"
"Pisticci","p-Xilene","µg/m≥","26/06/2021","14","0.120","1"
"Pisticci","p-Xilene","µg/m≥","26/06/2021","15","0.030","1"
"Pisticci","p-Xilene","µg/m≥","26/06/2021","16","0.040","1"
"Pisticci","p-Xilene","µg/m≥","26/06/2021","17","0.100","1"
"Pisticci","p-Xilene","µg/m≥","26/06/2021","18","0.070","1"
"Pisticci","p-Xilene","µg/m≥","26/06/2021","19","0.020","1"
"Pisticci","p-Xilene","µg/m≥","26/06/2021","20","0.140","1"
"Pisticci","p-Xilene","µg/m≥","26/06/2021","21","0.290","1"
"Pisticci","p-Xilene","µg/m≥","26/06/2021","22","0.340","1"
"Pisticci","p-Xilene","µg/m≥","26/06/2021","23","0.070","1"
"Pisticci","p-Xilene","µg/m≥","26/06/2021","24","0.110","1"
"Pisticci","p-Xilene","µg/m≥","27/06/2021","01","0.120","1"
"Pisticci","p-Xilene","µg/m≥","27/06/2021","02","0.130","1"
"Pisticci","p-Xilene","µg/m≥","27/06/2021","03","0.040","1"
"Pisticci","p-Xilene","µg/m≥","27/06/2021","04","0.140","1"
"Pisticci","p-Xilene","µg/m≥","27/06/2021","05","0.040","1"
"Pisticci","p-Xilene","µg/m≥","27/06/2021","06","0.060","1"
"Pisticci","p-Xilene","µg/m≥","27/06/2021","07","0.110","1"
"Pisticci","p-Xilene","µg/m≥","27/06/2021","08","0.060","1"
"Pisticci","p-Xilene","µg/m≥","27/06/2021","09","0.190","1"
"Pisticci","p-Xilene","µg/m≥","27/06/2021","10","0.050","1"
"Pisticci","p-Xilene","µg/m≥","27/06/2021","11","0.080","1"
"Pisticci","p-Xilene","µg/m≥","27/06/2021","12","0.040","1"
"Pisticci","p-Xilene","µg/m≥","27/06/2021","13","0.060","1"
"Pisticci","p-Xilene","µg/m≥","27/06/2021","14","0.050","1"
"Pisticci","p-Xilene","µg/m≥","27/06/2021","15","0.030","1"
"Pisticci","p-Xilene","µg/m≥","27/06/2021","16","0.030","1"
"Pisticci","p-Xilene","µg/m≥","27/06/2021","17","0.100","1"
"Pisticci","p-Xilene","µg/m≥","27/06/2021","18","0.020","1"
"Pisticci","p-Xilene","µg/m≥","27/06/2021","19","0.080","1"
"Pisticci","p-Xilene","µg/m≥","27/06/2021","20","0.890","1"
"Pisticci","p-Xilene","µg/m≥","27/06/2021","21","0.150","1"
"Pisticci","p-Xilene","µg/m≥","27/06/2021","22","0.070","1"
"Pisticci","p-Xilene","µg/m≥","27/06/2021","23","0.110","1"
"Pisticci","p-Xilene","µg/m≥","27/06/2021","24","0.180","1"
"Pisticci","p-Xilene","µg/m≥","28/06/2021","01","0.170","1"
"Pisticci","p-Xilene","µg/m≥","28/06/2021","02","0.130","1"
"Pisticci","p-Xilene","µg/m≥","28/06/2021","03","0.240","1"
"Pisticci","p-Xilene","µg/m≥","28/06/2021","04","0.060","1"
"Pisticci","p-Xilene","µg/m≥","28/06/2021","05","0.060","1"
"Pisticci","p-Xilene","µg/m≥","28/06/2021","06","0.150","1"
"Pisticci","p-Xilene","µg/m≥","28/06/2021","07","0.050","1"
"Pisticci","p-Xilene","µg/m≥","28/06/2021","08","0.080","1"
"Pisticci","p-Xilene","µg/m≥","28/06/2021","09","0.040","1"
"Pisticci","p-Xilene","µg/m≥","28/06/2021","10","0.170","1"
"Pisticci","p-Xilene","µg/m≥","28/06/2021","11","0.130","1"
"Pisticci","p-Xilene","µg/m≥","28/06/2021","12","0.030","1"
"Pisticci","p-Xilene","µg/m≥","28/06/2021","13","0.030","1"
"Pisticci","p-Xilene","µg/m≥","28/06/2021","14","0.060","1"
"Pisticci","p-Xilene","µg/m≥","28/06/2021","15","0.060","1"
"Pisticci","p-Xilene","µg/m≥","28/06/2021","16","0.030","1"
"Pisticci","p-Xilene","µg/m≥","28/06/2021","17","0.050","1"
"Pisticci","p-Xilene","µg/m≥","28/06/2021","18","0.090","1"
"Pisticci","p-Xilene","µg/m≥","28/06/2021","19","0.060","1"
"Pisticci","p-Xilene","µg/m≥","28/06/2021","20","0.090","1"
"Pisticci","p-Xilene","µg/m≥","28/06/2021","21","0.050","1"
"Pisticci","p-Xilene","µg/m≥","28/06/2021","22","0.050","1"
"Pisticci","p-Xilene","µg/m≥","28/06/2021","23","0.660","1"
"Pisticci","p-Xilene","µg/m≥","28/06/2021","24","0.060","1"
"Pisticci","p-Xilene","µg/m≥","29/06/2021","01","0.290","1"
"Pisticci","p-Xilene","µg/m≥","29/06/2021","02","0.090","1"
"Pisticci","p-Xilene","µg/m≥","29/06/2021","03","0.140","1"
"Pisticci","p-Xilene","µg/m≥","29/06/2021","04","0.180","1"
"Pisticci","p-Xilene","µg/m≥","29/06/2021","05","0.050","1"
"Pisticci","p-Xilene","µg/m≥","29/06/2021","06","0.100","1"
"Pisticci","p-Xilene","µg/m≥","29/06/2021","07","0.180","1"
"Pisticci","p-Xilene","µg/m≥","29/06/2021","08","0.120","1"
"Pisticci","p-Xilene","µg/m≥","29/06/2021","09","0.050","1"
"Pisticci","p-Xilene","µg/m≥","29/06/2021","10","0.110","1"
"Pisticci","p-Xilene","µg/m≥","29/06/2021","11","0.850","1"
"Pisticci","p-Xilene","µg/m≥","29/06/2021","12","0.180","1"
"Pisticci","p-Xilene","µg/m≥","29/06/2021","13","0.050","1"
"Pisticci","p-Xilene","µg/m≥","29/06/2021","14","0.020","1"
"Pisticci","p-Xilene","µg/m≥","29/06/2021","15","0.030","1"
"Pisticci","p-Xilene","µg/m≥","29/06/2021","16","0.020","1"
"Pisticci","p-Xilene","µg/m≥","29/06/2021","17","0.030","1"
"Pisticci","p-Xilene","µg/m≥","29/06/2021","18","0.040","1"
"Pisticci","p-Xilene","µg/m≥","29/06/2021","19","0.050","1"
"Pisticci","p-Xilene","µg/m≥","29/06/2021","20","0.180","1"
"Pisticci","p-Xilene","µg/m≥","29/06/2021","21","0.450","1"
"Pisticci","p-Xilene","µg/m≥","29/06/2021","22","0.490","1"
"Pisticci","p-Xilene","µg/m≥","29/06/2021","23","0.130","1"
"Pisticci","p-Xilene","µg/m≥","29/06/2021","24","0.020","1"
"Pisticci","p-Xilene","µg/m≥","30/06/2021","01","0.070","1"
"Pisticci","p-Xilene","µg/m≥","30/06/2021","02","0.070","1"
"Pisticci","p-Xilene","µg/m≥","30/06/2021","03","0.060","1"
"Pisticci","p-Xilene","µg/m≥","30/06/2021","04","0.060","1"
"Pisticci","p-Xilene","µg/m≥","30/06/2021","05","0.040","1"
"Pisticci","p-Xilene","µg/m≥","30/06/2021","06","0.170","1"
"Pisticci","p-Xilene","µg/m≥","30/06/2021","07","0.040","1"
"Pisticci","p-Xilene","µg/m≥","30/06/2021","08","0.270","1"
"Pisticci","p-Xilene","µg/m≥","30/06/2021","09","0.100","1"
"Pisticci","p-Xilene","µg/m≥","30/06/2021","10","0.110","1"
"Pisticci","p-Xilene","µg/m≥","30/06/2021","11","0.250","1"
"Pisticci","p-Xilene","µg/m≥","30/06/2021","12","0.060","1"
"Pisticci","p-Xilene","µg/m≥","30/06/2021","13","-9999","-1"
"Pisticci","p-Xilene","µg/m≥","30/06/2021","14","0.080","1"
"Pisticci","p-Xilene","µg/m≥","30/06/2021","15","0.130","1"
"Pisticci","p-Xilene","µg/m≥","30/06/2021","16","0.020","1"
"Pisticci","p-Xilene","µg/m≥","30/06/2021","17","0.040","1"
"Pisticci","p-Xilene","µg/m≥","30/06/2021","18","0.040","1"
"Pisticci","p-Xilene","µg/m≥","30/06/2021","19","0.180","1"
"Pisticci","p-Xilene","µg/m≥","30/06/2021","20","0.450","1"
"Pisticci","p-Xilene","µg/m≥","30/06/2021","21","0.310","1"
"Pisticci","p-Xilene","µg/m≥","30/06/2021","22","0.190","1"
"Pisticci","p-Xilene","µg/m≥","30/06/2021","23","0.510","1"
"Pisticci","p-Xilene","µg/m≥","30/06/2021","24","0.410","1"
"Pisticci","p-Xilene","µg/m≥","01/07/2021","01","0.550","1"
"Pisticci","p-Xilene","µg/m≥","01/07/2021","02","1.080","1"
"Pisticci","p-Xilene","µg/m≥","01/07/2021","03","0.070","1"
"Pisticci","p-Xilene","µg/m≥","01/07/2021","04","0.570","1"
"Pisticci","p-Xilene","µg/m≥","01/07/2021","05","0.240","1"
"Pisticci","p-Xilene","µg/m≥","01/07/2021","06","0.210","1"
"Pisticci","p-Xilene","µg/m≥","01/07/2021","07","0.840","1"
"Pisticci","p-Xilene","µg/m≥","01/07/2021","08","0.480","1"
"Pisticci","p-Xilene","µg/m≥","01/07/2021","09","0.460","1"
"Pisticci","p-Xilene","µg/m≥","01/07/2021","10","3.580","1"
"Pisticci","p-Xilene","µg/m≥","01/07/2021","11","0.030","1"
"Pisticci","p-Xilene","µg/m≥","01/07/2021","12","0.030","1"
"Pisticci","p-Xilene","µg/m≥","01/07/2021","13","0.100","1"
"Pisticci","p-Xilene","µg/m≥","01/07/2021","14","0.030","1"
"Pisticci","p-Xilene","µg/m≥","01/07/2021","15","0.020","1"
"Pisticci","p-Xilene","µg/m≥","01/07/2021","16","0.040","1"
"Pisticci","p-Xilene","µg/m≥","01/07/2021","17","0.030","1"
"Pisticci","p-Xilene","µg/m≥","01/07/2021","18","0.250","1"
"Pisticci","p-Xilene","µg/m≥","01/07/2021","19","0.270","1"
"Pisticci","p-Xilene","µg/m≥","01/07/2021","20","0.350","1"
"Pisticci","p-Xilene","µg/m≥","01/07/2021","21","0.590","1"
"Pisticci","p-Xilene","µg/m≥","01/07/2021","22","0.220","1"
"Pisticci","p-Xilene","µg/m≥","01/07/2021","23","0.500","1"
"Pisticci","p-Xilene","µg/m≥","01/07/2021","24","1.120","1"
"Pisticci","p-Xilene","µg/m≥","02/07/2021","01","2.090","1"
"Pisticci","p-Xilene","µg/m≥","02/07/2021","02","2.440","1"
"Pisticci","p-Xilene","µg/m≥","02/07/2021","03","2.710","1"
"Pisticci","p-Xilene","µg/m≥","02/07/2021","04","1.110","1"
"Pisticci","p-Xilene","µg/m≥","02/07/2021","05","2.080","1"
"Pisticci","p-Xilene","µg/m≥","02/07/2021","06","1.290","1"
"Pisticci","p-Xilene","µg/m≥","02/07/2021","07","1.580","1"
"Pisticci","p-Xilene","µg/m≥","02/07/2021","08","1.030","1"
"Pisticci","p-Xilene","µg/m≥","02/07/2021","09","1.620","1"
"Pisticci","p-Xilene","µg/m≥","02/07/2021","10","0.370","1"
"Pisticci","p-Xilene","µg/m≥","02/07/2021","11","1.140","1"
"Pisticci","p-Xilene","µg/m≥","02/07/2021","12","0.030","1"
"Pisticci","p-Xilene","µg/m≥","02/07/2021","13","0.100","1"
"Pisticci","p-Xilene","µg/m≥","02/07/2021","14","0.070","1"
"Pisticci","p-Xilene","µg/m≥","02/07/2021","15","0.020","1"
"Pisticci","p-Xilene","µg/m≥","02/07/2021","16","0.050","1"
"Pisticci","p-Xilene","µg/m≥","02/07/2021","17","0.030","1"
"Pisticci","p-Xilene","µg/m≥","02/07/2021","18","0.230","1"
"Pisticci","p-Xilene","µg/m≥","02/07/2021","19","0.270","1"
"Pisticci","p-Xilene","µg/m≥","02/07/2021","20","0.140","1"
"Pisticci","p-Xilene","µg/m≥","02/07/2021","21","0.740","1"
"Pisticci","p-Xilene","µg/m≥","02/07/2021","22","1.550","1"
"Pisticci","p-Xilene","µg/m≥","02/07/2021","23","0.120","1"
"Pisticci","p-Xilene","µg/m≥","02/07/2021","24","0.530","1"
"Pisticci","p-Xilene","µg/m≥","03/07/2021","01","0.340","1"
"Pisticci","p-Xilene","µg/m≥","03/07/2021","02","0.250","1"
"Pisticci","p-Xilene","µg/m≥","03/07/2021","03","0.310","1"
"Pisticci","p-Xilene","µg/m≥","03/07/2021","04","0.230","1"
"Pisticci","p-Xilene","µg/m≥","03/07/2021","05","0.290","1"
"Pisticci","p-Xilene","µg/m≥","03/07/2021","06","0.270","1"
"Pisticci","p-Xilene","µg/m≥","03/07/2021","07","0.270","1"
"Pisticci","p-Xilene","µg/m≥","03/07/2021","08","0.180","1"
"Pisticci","p-Xilene","µg/m≥","03/07/2021","09","0.540","1"
"Pisticci","p-Xilene","µg/m≥","03/07/2021","10","0.520","1"
"Pisticci","p-Xilene","µg/m≥","03/07/2021","11","0.420","1"
"Pisticci","p-Xilene","µg/m≥","03/07/2021","12","0.310","1"
"Pisticci","p-Xilene","µg/m≥","03/07/2021","13","0.210","1"
"Pisticci","p-Xilene","µg/m≥","03/07/2021","14","0.010","1"
"Pisticci","p-Xilene","µg/m≥","03/07/2021","15","0.020","1"
"Pisticci","p-Xilene","µg/m≥","03/07/2021","16","0.030","1"
"Pisticci","p-Xilene","µg/m≥","03/07/2021","17","0.010","1"
"Pisticci","p-Xilene","µg/m≥","03/07/2021","18","0.030","1"
"Pisticci","p-Xilene","µg/m≥","03/07/2021","19","0.720","1"
"Pisticci","p-Xilene","µg/m≥","03/07/2021","20","0.200","1"
"Pisticci","p-Xilene","µg/m≥","03/07/2021","21","0.490","1"
"Pisticci","p-Xilene","µg/m≥","03/07/2021","22","0.900","1"
"Pisticci","p-Xilene","µg/m≥","03/07/2021","23","3.640","1"
"Pisticci","p-Xilene","µg/m≥","03/07/2021","24","2.670","1"
"Pisticci","p-Xilene","µg/m≥","04/07/2021","01","0.730","1"
"Pisticci","p-Xilene","µg/m≥","04/07/2021","02","1.210","1"
"Pisticci","p-Xilene","µg/m≥","04/07/2021","03","0.540","1"
"Pisticci","p-Xilene","µg/m≥","04/07/2021","04","1.090","1"
"Pisticci","p-Xilene","µg/m≥","04/07/2021","05","0.830","1"
"Pisticci","p-Xilene","µg/m≥","04/07/2021","06","0.400","1"
"Pisticci","p-Xilene","µg/m≥","04/07/2021","07","0.700","1"
"Pisticci","p-Xilene","µg/m≥","04/07/2021","08","0.760","1"
"Pisticci","p-Xilene","µg/m≥","04/07/2021","09","0.690","1"
"Pisticci","p-Xilene","µg/m≥","04/07/2021","10","0.520","1"
"Pisticci","p-Xilene","µg/m≥","04/07/2021","11","1.130","1"
"Pisticci","p-Xilene","µg/m≥","04/07/2021","12","0.030","1"
"Pisticci","p-Xilene","µg/m≥","04/07/2021","13","0.030","1"
"Pisticci","p-Xilene","µg/m≥","04/07/2021","14","0.040","1"
"Pisticci","p-Xilene","µg/m≥","04/07/2021","15","0.020","1"
"Pisticci","p-Xilene","µg/m≥","04/07/2021","16","0.030","1"
"Pisticci","p-Xilene","µg/m≥","04/07/2021","17","0.090","1"
"Pisticci","p-Xilene","µg/m≥","04/07/2021","18","0.350","1"
"Pisticci","p-Xilene","µg/m≥","04/07/2021","19","0.840","1"
"Pisticci","p-Xilene","µg/m≥","04/07/2021","20","0.570","1"
"Pisticci","p-Xilene","µg/m≥","04/07/2021","21","0.490","1"
"Pisticci","p-Xilene","µg/m≥","04/07/2021","22","0.340","1"
"Pisticci","p-Xilene","µg/m≥","04/07/2021","23","1.190","1"
"Pisticci","p-Xilene","µg/m≥","04/07/2021","24","0.370","1"
"Pisticci","p-Xilene","µg/m≥","05/07/2021","01","0.540","1"
"Pisticci","p-Xilene","µg/m≥","05/07/2021","02","1.660","1"
"Pisticci","p-Xilene","µg/m≥","05/07/2021","03","0.810","1"
"Pisticci","p-Xilene","µg/m≥","05/07/2021","04","0.480","1"
"Pisticci","p-Xilene","µg/m≥","05/07/2021","05","0.290","1"
"Pisticci","p-Xilene","µg/m≥","05/07/2021","06","0.540","1"
"Pisticci","p-Xilene","µg/m≥","05/07/2021","07","0.400","1"
"Pisticci","p-Xilene","µg/m≥","05/07/2021","08","0.450","1"
"Pisticci","p-Xilene","µg/m≥","05/07/2021","09","0.610","1"
"Pisticci","p-Xilene","µg/m≥","05/07/2021","10","0.230","1"
"Pisticci","p-Xilene","µg/m≥","05/07/2021","11","0.030","1"
"Pisticci","p-Xilene","µg/m≥","05/07/2021","12","0.020","1"
"Pisticci","p-Xilene","µg/m≥","05/07/2021","13","0.050","1"
"Pisticci","p-Xilene","µg/m≥","05/07/2021","14","0.020","1"
"Pisticci","p-Xilene","µg/m≥","05/07/2021","15","0.040","1"
"Pisticci","p-Xilene","µg/m≥","05/07/2021","16","0.090","1"
"Pisticci","p-Xilene","µg/m≥","05/07/2021","17","0.120","1"
"Pisticci","p-Xilene","µg/m≥","05/07/2021","18","0.080","1"
"Pisticci","p-Xilene","µg/m≥","05/07/2021","19","0.190","1"
"Pisticci","p-Xilene","µg/m≥","05/07/2021","20","0.270","1"
"Pisticci","p-Xilene","µg/m≥","05/07/2021","21","1.270","1"
"Pisticci","p-Xilene","µg/m≥","05/07/2021","22","0.580","1"
"Pisticci","p-Xilene","µg/m≥","05/07/2021","23","0.390","1"
"Pisticci","p-Xilene","µg/m≥","05/07/2021","24","0.080","1"
"Pisticci","p-Xilene","µg/m≥","06/07/2021","01","0.210","1"
"Pisticci","p-Xilene","µg/m≥","06/07/2021","02","0.090","1"
"Pisticci","p-Xilene","µg/m≥","06/07/2021","03","0.070","1"
"Pisticci","p-Xilene","µg/m≥","06/07/2021","04","0.150","1"
"Pisticci","p-Xilene","µg/m≥","06/07/2021","05","0.150","1"
"Pisticci","p-Xilene","µg/m≥","06/07/2021","06","0.150","1"
"Pisticci","p-Xilene","µg/m≥","06/07/2021","07","0.180","1"
"Pisticci","p-Xilene","µg/m≥","06/07/2021","08","0.150","1"
"Pisticci","p-Xilene","µg/m≥","06/07/2021","09","0.160","1"
"Pisticci","p-Xilene","µg/m≥","06/07/2021","10","0.190","1"
"Pisticci","p-Xilene","µg/m≥","06/07/2021","11","0.120","1"
"Pisticci","p-Xilene","µg/m≥","06/07/2021","12","0.040","1"
"Pisticci","p-Xilene","µg/m≥","06/07/2021","13","0.030","1"
"Pisticci","p-Xilene","µg/m≥","06/07/2021","14","-9999","-1"
"Pisticci","p-Xilene","µg/m≥","06/07/2021","15","0.120","1"
"Pisticci","p-Xilene","µg/m≥","06/07/2021","16","0.160","1"
"Pisticci","p-Xilene","µg/m≥","06/07/2021","17","0.190","1"
"Pisticci","p-Xilene","µg/m≥","06/07/2021","18","0.170","1"
"Pisticci","p-Xilene","µg/m≥","06/07/2021","19","0.100","1"
"Pisticci","p-Xilene","µg/m≥","06/07/2021","20","0.040","1"
"Pisticci","p-Xilene","µg/m≥","06/07/2021","21","0.070","1"
"Pisticci","p-Xilene","µg/m≥","06/07/2021","22","0.050","1"
"Pisticci","p-Xilene","µg/m≥","06/07/2021","23","0.060","1"
"Pisticci","p-Xilene","µg/m≥","06/07/2021","24","0.050","1"
"Pisticci","p-Xilene","µg/m≥","07/07/2021","01","0.100","1"
"Pisticci","p-Xilene","µg/m≥","07/07/2021","02","0.090","1"
"Pisticci","p-Xilene","µg/m≥","07/07/2021","03","0.020","1"
"Pisticci","p-Xilene","µg/m≥","07/07/2021","04","0.140","1"
"Pisticci","p-Xilene","µg/m≥","07/07/2021","05","0.100","1"
"Pisticci","p-Xilene","µg/m≥","07/07/2021","06","0.070","1"
"Pisticci","p-Xilene","µg/m≥","07/07/2021","07","0.150","1"
"Pisticci","p-Xilene","µg/m≥","07/07/2021","08","0.040","1"
"Pisticci","p-Xilene","µg/m≥","07/07/2021","09","0.050","1"
"Pisticci","p-Xilene","µg/m≥","07/07/2021","10","-9999","-1"
"Pisticci","p-Xilene","µg/m≥","07/07/2021","11","-9999","-1"
"Pisticci","p-Xilene","µg/m≥","07/07/2021","12","-9999","-1"
"Pisticci","p-Xilene","µg/m≥","07/07/2021","13","-9999","-1"
"Pisticci","p-Xilene","µg/m≥","07/07/2021","14","0.220","-1"
"Pisticci","p-Xilene","µg/m≥","07/07/2021","15","0.160","-1"
"Pisticci","p-Xilene","µg/m≥","07/07/2021","16","0.170","1"
"Pisticci","p-Xilene","µg/m≥","07/07/2021","17","0.140","1"
"Pisticci","p-Xilene","µg/m≥","07/07/2021","18","0.110","1"
"Pisticci","p-Xilene","µg/m≥","07/07/2021","19","0.090","1"
"Pisticci","p-Xilene","µg/m≥","07/07/2021","20","0.160","1"
"Pisticci","p-Xilene","µg/m≥","07/07/2021","21","0.130","1"
"Pisticci","p-Xilene","µg/m≥","07/07/2021","22","0.940","1"
"Pisticci","p-Xilene","µg/m≥","07/07/2021","23","0.050","1"
"Pisticci","p-Xilene","µg/m≥","07/07/2021","24","0.120","1"
"Pisticci","p-Xilene","µg/m≥","08/07/2021","01","0.120","1"
"Pisticci","p-Xilene","µg/m≥","08/07/2021","02","0.130","1"
"Pisticci","p-Xilene","µg/m≥","08/07/2021","03","0.050","1"
"Pisticci","p-Xilene","µg/m≥","08/07/2021","04","0.050","1"
"Pisticci","p-Xilene","µg/m≥","08/07/2021","05","0.030","1"
"Pisticci","p-Xilene","µg/m≥","08/07/2021","06","0.060","1"
"Pisticci","p-Xilene","µg/m≥","08/07/2021","07","0.060","1"
"Pisticci","p-Xilene","µg/m≥","08/07/2021","08","0.140","1"
"Pisticci","p-Xilene","µg/m≥","08/07/2021","09","0.070","1"
"Pisticci","p-Xilene","µg/m≥","08/07/2021","10","0.370","1"
"Pisticci","p-Xilene","µg/m≥","08/07/2021","11","0.080","1"
"Pisticci","p-Xilene","µg/m≥","08/07/2021","12","0.100","1"
"Pisticci","p-Xilene","µg/m≥","08/07/2021","13","0.130","1"
"Pisticci","p-Xilene","µg/m≥","08/07/2021","14","-9999","-1"
"Pisticci","p-Xilene","µg/m≥","08/07/2021","15","-9999","-1"
"Pisticci","p-Xilene","µg/m≥","08/07/2021","16","-9999","-1"
"Pisticci","p-Xilene","µg/m≥","08/07/2021","17","-9999","-1"
"Pisticci","p-Xilene","µg/m≥","08/07/2021","18","-9999","-1"
"Pisticci","p-Xilene","µg/m≥","08/07/2021","19","-9999","-1"
"Pisticci","p-Xilene","µg/m≥","08/07/2021","20","-9999","-1"
"Pisticci","p-Xilene","µg/m≥","08/07/2021","21","-9999","-1"
"Pisticci","p-Xilene","µg/m≥","08/07/2021","22","-9999","-1"
"Pisticci","p-Xilene","µg/m≥","08/07/2021","23","-9999","-1"
"Pisticci","p-Xilene","µg/m≥","08/07/2021","24","-9999","-1"
"Pisticci","p-Xilene","µg/m≥","09/07/2021","01","-9999","-1"
"Pisticci","p-Xilene","µg/m≥","09/07/2021","02","-9999","-1"
"Pisticci","p-Xilene","µg/m≥","09/07/2021","03","-9999","-1"
"Pisticci","p-Xilene","µg/m≥","09/07/2021","04","-9999","-1"
"Pisticci","p-Xilene","µg/m≥","09/07/2021","05","-9999","-1"
"Pisticci","p-Xilene","µg/m≥","09/07/2021","06","-9999","-1"
"Pisticci","p-Xilene","µg/m≥","09/07/2021","07","-9999","-1"
"Pisticci","p-Xilene","µg/m≥","09/07/2021","08","-9999","-1"
"Pisticci","p-Xilene","µg/m≥","09/07/2021","09","-9999","-1"
"Pisticci","p-Xilene","µg/m≥","09/07/2021","10","-9999","-1"
"Pisticci","p-Xilene","µg/m≥","09/07/2021","11","-9999","-1"
"Pisticci","p-Xilene","µg/m≥","09/07/2021","12","-9999","-1"
"Pisticci","p-Xilene","µg/m≥","09/07/2021","13","-9999","-1"
"Pisticci","p-Xilene","µg/m≥","09/07/2021","14","-9999","-1"
"Pisticci","p-Xilene","µg/m≥","09/07/2021","15","-9999","-1"
"Pisticci","p-Xilene","µg/m≥","09/07/2021","16","-9999","-1"
"Pisticci","p-Xilene","µg/m≥","09/07/2021","17","-9999","-1"
"Pisticci","p-Xilene","µg/m≥","09/07/2021","18","-9999","-1"
"Pisticci","p-Xilene","µg/m≥","09/07/2021","19","-9999","-1"
"Pisticci","p-Xilene","µg/m≥","09/07/2021","20","-9999","-1"
"Pisticci","p-Xilene","µg/m≥","09/07/2021","21","-9999","-1"
"Pisticci","p-Xilene","µg/m≥","09/07/2021","22","-9999","-1"
"Pisticci","p-Xilene","µg/m≥","09/07/2021","23","-9999","-1"
"Pisticci","p-Xilene","µg/m≥","09/07/2021","24","-9999","-1"
"Pisticci","p-Xilene","µg/m≥","10/07/2021","01","-9999","-1"
"Pisticci","p-Xilene","µg/m≥","10/07/2021","02","-9999","-1"
"Pisticci","p-Xilene","µg/m≥","10/07/2021","03","-9999","-1"
"Pisticci","p-Xilene","µg/m≥","10/07/2021","04","-9999","-1"
"Pisticci","p-Xilene","µg/m≥","10/07/2021","05","-9999","-1"
"Pisticci","p-Xilene","µg/m≥","10/07/2021","06","-9999","-1"
"Pisticci","p-Xilene","µg/m≥","10/07/2021","07","-9999","-1"
"Pisticci","p-Xilene","µg/m≥","10/07/2021","08","-9999","-1"
"Pisticci","p-Xilene","µg/m≥","10/07/2021","09","-9999","-1"
"Pisticci","p-Xilene","µg/m≥","10/07/2021","10","-9999","-1"
"Pisticci","p-Xilene","µg/m≥","10/07/2021","11","0.010","1"
"Pisticci","p-Xilene","µg/m≥","10/07/2021","12","0.010","1"
"Pisticci","p-Xilene","µg/m≥","10/07/2021","13","0.010","1"
"Pisticci","p-Xilene","µg/m≥","10/07/2021","14","0.130","1"
"Pisticci","p-Xilene","µg/m≥","10/07/2021","15","0.160","1"
"Pisticci","p-Xilene","µg/m≥","10/07/2021","16","0.720","1"
"Pisticci","p-Xilene","µg/m≥","10/07/2021","17","0.900","1"
"Pisticci","p-Xilene","µg/m≥","10/07/2021","18","1.330","1"
"Pisticci","p-Xilene","µg/m≥","10/07/2021","19","0.620","1"
"Pisticci","p-Xilene","µg/m≥","10/07/2021","20","0.170","1"
"Pisticci","p-Xilene","µg/m≥","10/07/2021","21","0.220","1"
"Pisticci","p-Xilene","µg/m≥","10/07/2021","22","0.030","1"
"Pisticci","p-Xilene","µg/m≥","10/07/2021","23","0.020","1"
"Pisticci","p-Xilene","µg/m≥","10/07/2021","24","0.040","1"
"Pisticci","p-Xilene","µg/m≥","11/07/2021","01","0.030","1"
"Pisticci","p-Xilene","µg/m≥","11/07/2021","02","0.040","1"
"Pisticci","p-Xilene","µg/m≥","11/07/2021","03","0.050","1"
"Pisticci","p-Xilene","µg/m≥","11/07/2021","04","0.060","1"
"Pisticci","p-Xilene","µg/m≥","11/07/2021","05","0.030","1"
"Pisticci","p-Xilene","µg/m≥","11/07/2021","06","0.060","1"
"Pisticci","p-Xilene","µg/m≥","11/07/2021","07","0.020","1"
"Pisticci","p-Xilene","µg/m≥","11/07/2021","08","0.030","1"
"Pisticci","p-Xilene","µg/m≥","11/07/2021","09","0.040","1"
"Pisticci","p-Xilene","µg/m≥","11/07/2021","10","0.010","1"
"Pisticci","p-Xilene","µg/m≥","11/07/2021","11","0.020","1"
"Pisticci","p-Xilene","µg/m≥","11/07/2021","12","0.010","1"
"Pisticci","p-Xilene","µg/m≥","11/07/2021","13","0.010","1"
"Pisticci","p-Xilene","µg/m≥","11/07/2021","14","0.050","1"
"Pisticci","p-Xilene","µg/m≥","11/07/2021","15","0.140","1"
"Pisticci","p-Xilene","µg/m≥","11/07/2021","16","0.010","1"
"Pisticci","p-Xilene","µg/m≥","11/07/2021","17","0.010","1"
"Pisticci","p-Xilene","µg/m≥","11/07/2021","18","0.040","1"
"Pisticci","p-Xilene","µg/m≥","11/07/2021","19","0.010","1"
"Pisticci","p-Xilene","µg/m≥","11/07/2021","20","0.020","1"
"Pisticci","p-Xilene","µg/m≥","11/07/2021","21","0.000","1"
"Pisticci","p-Xilene","µg/m≥","11/07/2021","22","0.010","1"
"Pisticci","p-Xilene","µg/m≥","11/07/2021","23","0.060","1"
"Pisticci","p-Xilene","µg/m≥","11/07/2021","24","0.030","1"
"Pisticci","p-Xilene","µg/m≥","12/07/2021","01","0.010","1"
"Pisticci","p-Xilene","µg/m≥","12/07/2021","02","0.020","1"
"Pisticci","p-Xilene","µg/m≥","12/07/2021","03","0.010","1"
"Pisticci","p-Xilene","µg/m≥","12/07/2021","04","0.020","1"
"Pisticci","p-Xilene","µg/m≥","12/07/2021","05","0.010","1"
"Pisticci","p-Xilene","µg/m≥","12/07/2021","06","0.000","1"
"Pisticci","p-Xilene","µg/m≥","12/07/2021","07","0.010","1"
"Pisticci","p-Xilene","µg/m≥","12/07/2021","08","0.070","1"
"Pisticci","p-Xilene","µg/m≥","12/07/2021","09","0.100","1"
"Pisticci","p-Xilene","µg/m≥","12/07/2021","10","0.090","1"
"Pisticci","p-Xilene","µg/m≥","12/07/2021","11","0.210","1"
"Pisticci","p-Xilene","µg/m≥","12/07/2021","12","0.270","1"
"Pisticci","p-Xilene","µg/m≥","12/07/2021","13","0.170","1"
"Pisticci","p-Xilene","µg/m≥","12/07/2021","14","0.150","1"
"Pisticci","p-Xilene","µg/m≥","12/07/2021","15","0.180","1"
"Pisticci","p-Xilene","µg/m≥","12/07/2021","16","0.160","1"
"Pisticci","p-Xilene","µg/m≥","12/07/2021","17","0.230","1"
"Pisticci","p-Xilene","µg/m≥","12/07/2021","18","0.270","1"
"Pisticci","p-Xilene","µg/m≥","12/07/2021","19","0.140","1"
"Pisticci","p-Xilene","µg/m≥","12/07/2021","20","0.090","1"
"Pisticci","p-Xilene","µg/m≥","12/07/2021","21","0.050","1"
"Pisticci","p-Xilene","µg/m≥","12/07/2021","22","0.010","1"
"Pisticci","p-Xilene","µg/m≥","12/07/2021","23","0.010","1"
"Pisticci","p-Xilene","µg/m≥","12/07/2021","24","0.000","1"
"Pisticci","p-Xilene","µg/m≥","13/07/2021","01","0.010","1"
"Pisticci","p-Xilene","µg/m≥","13/07/2021","02","0.010","1"
"Pisticci","p-Xilene","µg/m≥","13/07/2021","03","0.010","1"
"Pisticci","p-Xilene","µg/m≥","13/07/2021","04","0.010","1"
"Pisticci","p-Xilene","µg/m≥","13/07/2021","05","0.010","1"
"Pisticci","p-Xilene","µg/m≥","13/07/2021","06","0.010","1"
"Pisticci","p-Xilene","µg/m≥","13/07/2021","07","0.010","1"
"Pisticci","p-Xilene","µg/m≥","13/07/2021","08","0.010","1"
"Pisticci","p-Xilene","µg/m≥","13/07/2021","09","0.010","1"
"Pisticci","p-Xilene","µg/m≥","13/07/2021","10","0.010","1"
"Pisticci","p-Xilene","µg/m≥","13/07/2021","11","0.010","1"
"Pisticci","p-Xilene","µg/m≥","13/07/2021","12","0.170","1"
"Pisticci","p-Xilene","µg/m≥","13/07/2021","13","0.250","1"
"Pisticci","p-Xilene","µg/m≥","13/07/2021","14","0.270","1"
"Pisticci","p-Xilene","µg/m≥","13/07/2021","15","0.230","1"
"Pisticci","p-Xilene","µg/m≥","13/07/2021","16","0.290","1"
"Pisticci","p-Xilene","µg/m≥","13/07/2021","17","0.150","1"
"Pisticci","p-Xilene","µg/m≥","13/07/2021","18","0.270","1"
"Pisticci","p-Xilene","µg/m≥","13/07/2021","19","-9999","-1"
"Pisticci","p-Xilene","µg/m≥","13/07/2021","20","-9999","-1"
"Pisticci","p-Xilene","µg/m≥","13/07/2021","21","-9999","-1"
"Pisticci","p-Xilene","µg/m≥","13/07/2021","22","-9999","-1"
"Pisticci","p-Xilene","µg/m≥","13/07/2021","23","-9999","-1"
"Pisticci","p-Xilene","µg/m≥","13/07/2021","24","-9999","-1"
"Pisticci","p-Xilene","µg/m≥","14/07/2021","01","-9999","-1"
"Pisticci","p-Xilene","µg/m≥","14/07/2021","02","-9999","-1"
"Pisticci","p-Xilene","µg/m≥","14/07/2021","03","-9999","-1"
"Pisticci","p-Xilene","µg/m≥","14/07/2021","04","-9999","-1"
"Pisticci","p-Xilene","µg/m≥","14/07/2021","05","-9999","-1"
"Pisticci","p-Xilene","µg/m≥","14/07/2021","06","-9999","-1"
"Pisticci","p-Xilene","µg/m≥","14/07/2021","07","-9999","-1"
"Pisticci","p-Xilene","µg/m≥","14/07/2021","08","-9999","-1"
"Pisticci","p-Xilene","µg/m≥","14/07/2021","09","-9999","-1"
"Pisticci","p-Xilene","µg/m≥","14/07/2021","10","-9999","-1"
"Pisticci","p-Xilene","µg/m≥","14/07/2021","11","-9999","-1"
"Pisticci","p-Xilene","µg/m≥","14/07/2021","12","-9999","-1"
"Pisticci","p-Xilene","µg/m≥","14/07/2021","13","-9999","-1"
"Pisticci","p-Xilene","µg/m≥","14/07/2021","14","0.260","-1"
"Pisticci","p-Xilene","µg/m≥","14/07/2021","15","0.140","-1"
"Pisticci","p-Xilene","µg/m≥","14/07/2021","16","0.100","-1"
"Pisticci","p-Xilene","µg/m≥","14/07/2021","17","0.140","-1"
"Pisticci","p-Xilene","µg/m≥","14/07/2021","18","-9999","-1"
"Pisticci","p-Xilene","µg/m≥","14/07/2021","19","-9999","-1"
"Pisticci","p-Xilene","µg/m≥","14/07/2021","20","-9999","-1"
"Pisticci","p-Xilene","µg/m≥","14/07/2021","21","0.140","1"
"Pisticci","p-Xilene","µg/m≥","14/07/2021","22","0.010","1"
"Pisticci","p-Xilene","µg/m≥","14/07/2021","23","0.020","1"
"Pisticci","p-Xilene","µg/m≥","14/07/2021","24","0.020","1"
"Pisticci","p-Xilene","µg/m≥","15/07/2021","01","0.040","1"
"Pisticci","p-Xilene","µg/m≥","15/07/2021","02","0.020","1"
"Pisticci","p-Xilene","µg/m≥","15/07/2021","03","0.020","1"
"Pisticci","p-Xilene","µg/m≥","15/07/2021","04","0.010","1"
"Pisticci","p-Xilene","µg/m≥","15/07/2021","05","0.010","1"
"Pisticci","p-Xilene","µg/m≥","15/07/2021","06","0.010","1"
"Pisticci","p-Xilene","µg/m≥","15/07/2021","07","0.020","1"
"Pisticci","p-Xilene","µg/m≥","15/07/2021","08","0.030","1"
"Pisticci","p-Xilene","µg/m≥","15/07/2021","09","0.020","1"
"Pisticci","p-Xilene","µg/m≥","15/07/2021","10","0.010","1"
"Pisticci","p-Xilene","µg/m≥","15/07/2021","11","0.060","1"
"Pisticci","p-Xilene","µg/m≥","15/07/2021","12","0.140","1"
"Pisticci","p-Xilene","µg/m≥","15/07/2021","13","0.020","1"
"Pisticci","p-Xilene","µg/m≥","15/07/2021","14","0.160","1"
"Pisticci","p-Xilene","µg/m≥","15/07/2021","15","-9999","-1"
"Pisticci","p-Xilene","µg/m≥","15/07/2021","16","-9999","-1"
"Pisticci","p-Xilene","µg/m≥","15/07/2021","17","-9999","-1"
"Pisticci","p-Xilene","µg/m≥","15/07/2021","18","5.900","-1"
"Pisticci","p-Xilene","µg/m≥","15/07/2021","19","0.230","1"
"Pisticci","p-Xilene","µg/m≥","15/07/2021","20","0.030","1"
"Pisticci","p-Xilene","µg/m≥","15/07/2021","21","0.010","1"
"Pisticci","p-Xilene","µg/m≥","15/07/2021","22","0.020","1"
"Pisticci","p-Xilene","µg/m≥","15/07/2021","23","0.010","1"
"Pisticci","p-Xilene","µg/m≥","15/07/2021","24","0.010","1"
"Pisticci","p-Xilene","µg/m≥","16/07/2021","01","0.000","1"
"Pisticci","p-Xilene","µg/m≥","16/07/2021","02","0.000","1"
"Pisticci","p-Xilene","µg/m≥","16/07/2021","03","0.000","1"
"Pisticci","p-Xilene","µg/m≥","16/07/2021","04","0.000","1"
"Pisticci","p-Xilene","µg/m≥","16/07/2021","05","0.010","1"
"Pisticci","p-Xilene","µg/m≥","16/07/2021","06","0.010","1"
"Pisticci","p-Xilene","µg/m≥","16/07/2021","07","0.010","1"
"Pisticci","p-Xilene","µg/m≥","16/07/2021","08","0.010","1"
"Pisticci","p-Xilene","µg/m≥","16/07/2021","09","0.010","1"
"Pisticci","p-Xilene","µg/m≥","16/07/2021","10","-9999","-1"
"Pisticci","p-Xilene","µg/m≥","16/07/2021","11","0.010","-1"
"Pisticci","p-Xilene","µg/m≥","16/07/2021","12","-9999","-1"
"Pisticci","p-Xilene","µg/m≥","16/07/2021","13","-9999","-1"
"Pisticci","p-Xilene","µg/m≥","16/07/2021","14","-9999","-1"
"Pisticci","p-Xilene","µg/m≥","16/07/2021","15","-9999","-1"
"Pisticci","p-Xilene","µg/m≥","16/07/2021","16","-9999","-1"
"Pisticci","p-Xilene","µg/m≥","16/07/2021","17","-9999","-1"
"Pisticci","p-Xilene","µg/m≥","16/07/2021","18","0.500","-1"
"Pisticci","p-Xilene","µg/m≥","16/07/2021","19","0.210","1"
"Pisticci","p-Xilene","µg/m≥","16/07/2021","20","0.060","1"
"Pisticci","p-Xilene","µg/m≥","16/07/2021","21","0.030","1"
"Pisticci","p-Xilene","µg/m≥","16/07/2021","22","0.060","1"
"Pisticci","p-Xilene","µg/m≥","16/07/2021","23","0.080","1"
"Pisticci","p-Xilene","µg/m≥","16/07/2021","24","0.040","1"
"Pisticci","p-Xilene","µg/m≥","17/07/2021","01","0.030","1"
"Pisticci","p-Xilene","µg/m≥","17/07/2021","02","0.060","1"
"Pisticci","p-Xilene","µg/m≥","17/07/2021","03","0.080","1"
"Pisticci","p-Xilene","µg/m≥","17/07/2021","04","0.080","1"
"Pisticci","p-Xilene","µg/m≥","17/07/2021","05","0.060","1"
"Pisticci","p-Xilene","µg/m≥","17/07/2021","06","0.030","1"
"Pisticci","p-Xilene","µg/m≥","17/07/2021","07","0.070","1"
"Pisticci","p-Xilene","µg/m≥","17/07/2021","08","0.100","1"
"Pisticci","p-Xilene","µg/m≥","17/07/2021","09","0.080","-1"
"Pisticci","p-Xilene","µg/m≥","17/07/2021","10","0.070","1"
"Pisticci","p-Xilene","µg/m≥","17/07/2021","11","0.040","1"
"Pisticci","p-Xilene","µg/m≥","17/07/2021","12","0.020","1"
"Pisticci","p-Xilene","µg/m≥","17/07/2021","13","0.030","1"
"Pisticci","p-Xilene","µg/m≥","17/07/2021","14","0.060","1"
"Pisticci","p-Xilene","µg/m≥","17/07/2021","15","0.040","1"
"Pisticci","p-Xilene","µg/m≥","17/07/2021","16","0.100","1"
"Pisticci","p-Xilene","µg/m≥","17/07/2021","17","0.090","1"
"Pisticci","p-Xilene","µg/m≥","17/07/2021","18","0.140","1"
"Pisticci","p-Xilene","µg/m≥","17/07/2021","19","0.070","1"
"Pisticci","p-Xilene","µg/m≥","17/07/2021","20","0.090","1"
"Pisticci","p-Xilene","µg/m≥","17/07/2021","21","0.050","1"
"Pisticci","p-Xilene","µg/m≥","17/07/2021","22","0.060","1"
"Pisticci","p-Xilene","µg/m≥","17/07/2021","23","0.050","1"
"Pisticci","p-Xilene","µg/m≥","17/07/2021","24","0.090","1"
"Pisticci","p-Xilene","µg/m≥","18/07/2021","01","0.090","1"
"Pisticci","p-Xilene","µg/m≥","18/07/2021","02","0.090","1"
"Pisticci","p-Xilene","µg/m≥","18/07/2021","03","0.030","1"
"Pisticci","p-Xilene","µg/m≥","18/07/2021","04","0.020","1"
"Pisticci","p-Xilene","µg/m≥","18/07/2021","05","0.090","1"
"Pisticci","p-Xilene","µg/m≥","18/07/2021","06","0.050","1"
"Pisticci","p-Xilene","µg/m≥","18/07/2021","07","0.080","1"
"Pisticci","p-Xilene","µg/m≥","18/07/2021","08","0.060","1"
"Pisticci","p-Xilene","µg/m≥","18/07/2021","09","0.080","1"
"Pisticci","p-Xilene","µg/m≥","18/07/2021","10","0.040","1"
"Pisticci","p-Xilene","µg/m≥","18/07/2021","11","0.030","1"
"Pisticci","p-Xilene","µg/m≥","18/07/2021","12","0.100","1"
"Pisticci","p-Xilene","µg/m≥","18/07/2021","13","0.050","1"
"Pisticci","p-Xilene","µg/m≥","18/07/2021","14","0.050","1"
"Pisticci","p-Xilene","µg/m≥","18/07/2021","15","0.110","1"
"Pisticci","p-Xilene","µg/m≥","18/07/2021","16","0.060","1"
"Pisticci","p-Xilene","µg/m≥","18/07/2021","17","0.070","1"
"Pisticci","p-Xilene","µg/m≥","18/07/2021","18","0.100","1"
"Pisticci","p-Xilene","µg/m≥","18/07/2021","19","0.040","1"
"Pisticci","p-Xilene","µg/m≥","18/07/2021","20","0.110","1"
"Pisticci","p-Xilene","µg/m≥","18/07/2021","21","0.080","1"
"Pisticci","p-Xilene","µg/m≥","18/07/2021","22","0.090","1"
"Pisticci","p-Xilene","µg/m≥","18/07/2021","23","0.100","1"
"Pisticci","p-Xilene","µg/m≥","18/07/2021","24","0.030","1"
"Pisticci","p-Xilene","µg/m≥","19/07/2021","01","0.040","1"
"Pisticci","p-Xilene","µg/m≥","19/07/2021","02","0.080","1"
"Pisticci","p-Xilene","µg/m≥","19/07/2021","03","0.050","1"
"Pisticci","p-Xilene","µg/m≥","19/07/2021","04","0.040","1"
"Pisticci","p-Xilene","µg/m≥","19/07/2021","05","0.040","1"
"Pisticci","p-Xilene","µg/m≥","19/07/2021","06","0.090","1"
"Pisticci","p-Xilene","µg/m≥","19/07/2021","07","0.100","1"
"Pisticci","p-Xilene","µg/m≥","19/07/2021","08","0.040","1"
"Pisticci","p-Xilene","µg/m≥","19/07/2021","09","-9999","-1"
"Pisticci","p-Xilene","µg/m≥","19/07/2021","10","0.070","1"
"Pisticci","p-Xilene","µg/m≥","19/07/2021","11","0.080","1"
"Pisticci","p-Xilene","µg/m≥","19/07/2021","12","0.030","1"
"Pisticci","p-Xilene","µg/m≥","19/07/2021","13","0.050","1"
"Pisticci","p-Xilene","µg/m≥","19/07/2021","14","0.080","1"
"Pisticci","p-Xilene","µg/m≥","19/07/2021","15","0.140","1"
"Pisticci","p-Xilene","µg/m≥","19/07/2021","16","0.110","1"
"Pisticci","p-Xilene","µg/m≥","19/07/2021","17","0.080","1"
"Pisticci","p-Xilene","µg/m≥","19/07/2021","18","0.320","1"
"Pisticci","p-Xilene","µg/m≥","19/07/2021","19","0.140","1"
"Pisticci","p-Xilene","µg/m≥","19/07/2021","20","0.120","1"
"Pisticci","p-Xilene","µg/m≥","19/07/2021","21","0.100","1"
"Pisticci","p-Xilene","µg/m≥","19/07/2021","22","0.090","1"
"Pisticci","p-Xilene","µg/m≥","19/07/2021","23","0.080","1"
"Pisticci","p-Xilene","µg/m≥","19/07/2021","24","0.090","1"
"Pisticci","p-Xilene","µg/m≥","20/07/2021","01","0.040","1"
"Pisticci","p-Xilene","µg/m≥","20/07/2021","02","0.050","1"
"Pisticci","p-Xilene","µg/m≥","20/07/2021","03","0.100","1"
"Pisticci","p-Xilene","µg/m≥","20/07/2021","04","0.080","1"
"Pisticci","p-Xilene","µg/m≥","20/07/2021","05","0.040","1"
"Pisticci","p-Xilene","µg/m≥","20/07/2021","06","0.040","1"
"Pisticci","p-Xilene","µg/m≥","20/07/2021","07","0.090","1"
"Pisticci","p-Xilene","µg/m≥","20/07/2021","08","0.100","1"
"Pisticci","p-Xilene","µg/m≥","20/07/2021","09","0.030","1"
"Pisticci","p-Xilene","µg/m≥","20/07/2021","10","0.030","1"
"Pisticci","p-Xilene","µg/m≥","20/07/2021","11","0.050","1"
"Pisticci","p-Xilene","µg/m≥","20/07/2021","12","0.050","1"
"Pisticci","p-Xilene","µg/m≥","20/07/2021","13","0.050","1"
"Pisticci","p-Xilene","µg/m≥","20/07/2021","14","0.030","1"
"Pisticci","p-Xilene","µg/m≥","20/07/2021","15","0.190","1"
"Pisticci","p-Xilene","µg/m≥","20/07/2021","16","0.360","1"
"Pisticci","p-Xilene","µg/m≥","20/07/2021","17","0.220","1"
"Pisticci","p-Xilene","µg/m≥","20/07/2021","18","0.070","1"
"Pisticci","p-Xilene","µg/m≥","20/07/2021","19","0.030","1"
"Pisticci","p-Xilene","µg/m≥","20/07/2021","20","0.040","1"
"Pisticci","p-Xilene","µg/m≥","20/07/2021","21","0.020","1"
"Pisticci","p-Xilene","µg/m≥","20/07/2021","22","0.020","1"
"Pisticci","p-Xilene","µg/m≥","20/07/2021","23","0.020","1"
"Pisticci","p-Xilene","µg/m≥","20/07/2021","24","0.020","1"
"Pisticci","p-Xilene","µg/m≥","21/07/2021","01","0.020","1"
"Pisticci","p-Xilene","µg/m≥","21/07/2021","02","0.040","1"
"Pisticci","p-Xilene","µg/m≥","21/07/2021","03","0.030","1"
"Pisticci","p-Xilene","µg/m≥","21/07/2021","04","0.040","1"
"Pisticci","p-Xilene","µg/m≥","21/07/2021","05","0.020","1"
"Pisticci","p-Xilene","µg/m≥","21/07/2021","06","0.020","1"
"Pisticci","p-Xilene","µg/m≥","21/07/2021","07","0.030","1"
"Pisticci","p-Xilene","µg/m≥","21/07/2021","08","0.040","1"
"Pisticci","p-Xilene","µg/m≥","21/07/2021","09","0.020","1"
"Pisticci","p-Xilene","µg/m≥","21/07/2021","10","0.040","1"
"Pisticci","p-Xilene","µg/m≥","21/07/2021","11","0.020","1"
"Pisticci","p-Xilene","µg/m≥","21/07/2021","12","0.040","1"
"Pisticci","p-Xilene","µg/m≥","21/07/2021","13","0.390","1"
"Pisticci","p-Xilene","µg/m≥","21/07/2021","14","0.080","1"
"Pisticci","p-Xilene","µg/m≥","21/07/2021","15","0.100","1"
"Pisticci","p-Xilene","µg/m≥","21/07/2021","16","0.040","1"
"Pisticci","p-Xilene","µg/m≥","21/07/2021","17","0.110","1"
"Pisticci","p-Xilene","µg/m≥","21/07/2021","18","0.170","1"
"Pisticci","p-Xilene","µg/m≥","21/07/2021","19","0.090","1"
"Pisticci","p-Xilene","µg/m≥","21/07/2021","20","0.150","1"
"Pisticci","p-Xilene","µg/m≥","21/07/2021","21","0.010","1"
"Pisticci","p-Xilene","µg/m≥","21/07/2021","22","0.110","1"
"Pisticci","p-Xilene","µg/m≥","21/07/2021","23","0.050","1"
"Pisticci","p-Xilene","µg/m≥","21/07/2021","24","0.100","1"
"Pisticci","p-Xilene","µg/m≥","22/07/2021","01","0.060","1"
"Pisticci","p-Xilene","µg/m≥","22/07/2021","02","0.070","1"
"Pisticci","p-Xilene","µg/m≥","22/07/2021","03","0.110","1"
"Pisticci","p-Xilene","µg/m≥","22/07/2021","04","0.180","1"
"Pisticci","p-Xilene","µg/m≥","22/07/2021","05","0.090","1"
"Pisticci","p-Xilene","µg/m≥","22/07/2021","06","0.220","1"
"Pisticci","p-Xilene","µg/m≥","22/07/2021","07","0.110","1"
"Pisticci","p-Xilene","µg/m≥","22/07/2021","08","0.090","1"
"Pisticci","p-Xilene","µg/m≥","22/07/2021","09","0.090","1"
"Pisticci","p-Xilene","µg/m≥","22/07/2021","10","0.080","1"
"Pisticci","p-Xilene","µg/m≥","22/07/2021","11","0.040","1"
"Pisticci","p-Xilene","µg/m≥","22/07/2021","12","0.070","1"
"Pisticci","p-Xilene","µg/m≥","22/07/2021","13","0.230","1"
"Pisticci","p-Xilene","µg/m≥","22/07/2021","14","0.060","1"
"Pisticci","p-Xilene","µg/m≥","22/07/2021","15","0.060","1"
"Pisticci","p-Xilene","µg/m≥","22/07/2021","16","0.070","1"
"Pisticci","p-Xilene","µg/m≥","22/07/2021","17","0.070","1"
"Pisticci","p-Xilene","µg/m≥","22/07/2021","18","0.200","1"
"Pisticci","p-Xilene","µg/m≥","22/07/2021","19","0.060","1"
"Pisticci","p-Xilene","µg/m≥","22/07/2021","20","0.130","1"
"Pisticci","p-Xilene","µg/m≥","22/07/2021","21","0.030","1"
"Pisticci","p-Xilene","µg/m≥","22/07/2021","22","0.080","1"
"Pisticci","p-Xilene","µg/m≥","22/07/2021","23","0.040","1"
"Pisticci","p-Xilene","µg/m≥","22/07/2021","24","0.080","1"
"Pisticci","p-Xilene","µg/m≥","23/07/2021","01","0.080","1"
"Pisticci","p-Xilene","µg/m≥","23/07/2021","02","0.100","1"
"Pisticci","p-Xilene","µg/m≥","23/07/2021","03","0.110","1"
"Pisticci","p-Xilene","µg/m≥","23/07/2021","04","0.100","1"
"Pisticci","p-Xilene","µg/m≥","23/07/2021","05","0.110","1"
"Pisticci","p-Xilene","µg/m≥","23/07/2021","06","0.190","1"
"Pisticci","p-Xilene","µg/m≥","23/07/2021","07","0.140","1"
"Pisticci","p-Xilene","µg/m≥","23/07/2021","08","0.180","1"
"Pisticci","p-Xilene","µg/m≥","23/07/2021","09","0.110","1"
"Pisticci","p-Xilene","µg/m≥","23/07/2021","10","-9999","-1"
"Pisticci","p-Xilene","µg/m≥","23/07/2021","11","-9999","-1"
"Pisticci","p-Xilene","µg/m≥","23/07/2021","12","-9999","-1"
"Pisticci","p-Xilene","µg/m≥","23/07/2021","13","-9999","-1"
"Pisticci","p-Xilene","µg/m≥","23/07/2021","14","12.500","-1"
"Pisticci","p-Xilene","µg/m≥","23/07/2021","15","5.890","-1"
"Pisticci","p-Xilene","µg/m≥","23/07/2021","16","3.710","-1"
"Pisticci","p-Xilene","µg/m≥","23/07/2021","17","2.810","-1"
"Pisticci","p-Xilene","µg/m≥","23/07/2021","18","1.960","-1"
"Pisticci","p-Xilene","µg/m≥","23/07/2021","19","1.350","-1"
"Pisticci","p-Xilene","µg/m≥","23/07/2021","20","0.820","-1"
"Pisticci","p-Xilene","µg/m≥","23/07/2021","21","1.090","-1"
"Pisticci","p-Xilene","µg/m≥","23/07/2021","22","0.100","1"
"Pisticci","p-Xilene","µg/m≥","23/07/2021","23","0.550","1"
"Pisticci","p-Xilene","µg/m≥","23/07/2021","24","0.440","1"
"Pisticci","p-Xilene","µg/m≥","24/07/2021","01","0.900","1"
"Pisticci","p-Xilene","µg/m≥","24/07/2021","02","0.430","1"
"Pisticci","p-Xilene","µg/m≥","24/07/2021","03","0.180","1"
"Pisticci","p-Xilene","µg/m≥","24/07/2021","04","0.320","1"
"Pisticci","p-Xilene","µg/m≥","24/07/2021","05","0.170","1"
"Pisticci","p-Xilene","µg/m≥","24/07/2021","06","0.110","1"
"Pisticci","p-Xilene","µg/m≥","24/07/2021","07","0.190","1"
"Pisticci","p-Xilene","µg/m≥","24/07/2021","08","0.210","1"
"Pisticci","p-Xilene","µg/m≥","24/07/2021","09","0.340","1"
"Pisticci","p-Xilene","µg/m≥","24/07/2021","10","0.290","1"
"Pisticci","p-Xilene","µg/m≥","24/07/2021","11","0.650","1"
"Pisticci","p-Xilene","µg/m≥","24/07/2021","12","0.510","1"
"Pisticci","p-Xilene","µg/m≥","24/07/2021","13","0.260","1"
"Pisticci","p-Xilene","µg/m≥","24/07/2021","14","0.560","1"
"Pisticci","p-Xilene","µg/m≥","24/07/2021","15","0.470","1"
"Pisticci","p-Xilene","µg/m≥","24/07/2021","16","0.700","1"
"Pisticci","p-Xilene","µg/m≥","24/07/2021","17","0.430","1"
"Pisticci","p-Xilene","µg/m≥","24/07/2021","18","0.450","1"
"Pisticci","p-Xilene","µg/m≥","24/07/2021","19","0.260","1"
"Pisticci","p-Xilene","µg/m≥","24/07/2021","20","0.340","1"
"Pisticci","p-Xilene","µg/m≥","24/07/2021","21","0.320","1"
"Pisticci","p-Xilene","µg/m≥","24/07/2021","22","0.390","1"
"Pisticci","p-Xilene","µg/m≥","24/07/2021","23","0.290","1"
"Pisticci","p-Xilene","µg/m≥","24/07/2021","24","0.270","1"
"Pisticci","p-Xilene","µg/m≥","25/07/2021","01","0.090","1"
"Pisticci","p-Xilene","µg/m≥","25/07/2021","02","0.070","1"
"Pisticci","p-Xilene","µg/m≥","25/07/2021","03","0.080","1"
"Pisticci","p-Xilene","µg/m≥","25/07/2021","04","0.080","1"
"Pisticci","p-Xilene","µg/m≥","25/07/2021","05","0.050","1"
"Pisticci","p-Xilene","µg/m≥","25/07/2021","06","0.090","1"
"Pisticci","p-Xilene","µg/m≥","25/07/2021","07","0.150","1"
"Pisticci","p-Xilene","µg/m≥","25/07/2021","08","0.060","1"
"Pisticci","p-Xilene","µg/m≥","25/07/2021","09","0.070","1"
"Pisticci","p-Xilene","µg/m≥","25/07/2021","10","0.030","1"
"Pisticci","p-Xilene","µg/m≥","25/07/2021","11","0.210","1"
"Pisticci","p-Xilene","µg/m≥","25/07/2021","12","0.070","1"
"Pisticci","p-Xilene","µg/m≥","25/07/2021","13","0.220","1"
"Pisticci","p-Xilene","µg/m≥","25/07/2021","14","0.030","1"
"Pisticci","p-Xilene","µg/m≥","25/07/2021","15","0.130","1"
"Pisticci","p-Xilene","µg/m≥","25/07/2021","16","0.070","1"
"Pisticci","p-Xilene","µg/m≥","25/07/2021","17","0.040","1"
"Pisticci","p-Xilene","µg/m≥","25/07/2021","18","0.060","1"
"Pisticci","p-Xilene","µg/m≥","25/07/2021","19","0.070","1"
"Pisticci","p-Xilene","µg/m≥","25/07/2021","20","0.090","1"
"Pisticci","p-Xilene","µg/m≥","25/07/2021","21","0.100","1"
"Pisticci","p-Xilene","µg/m≥","25/07/2021","22","0.070","1"
"Pisticci","p-Xilene","µg/m≥","25/07/2021","23","0.120","1"
"Pisticci","p-Xilene","µg/m≥","25/07/2021","24","0.050","1"
"Pisticci","p-Xilene","µg/m≥","26/07/2021","01","0.040","1"
"Pisticci","p-Xilene","µg/m≥","26/07/2021","02","0.090","1"
"Pisticci","p-Xilene","µg/m≥","26/07/2021","03","0.070","1"
"Pisticci","p-Xilene","µg/m≥","26/07/2021","04","0.060","1"
"Pisticci","p-Xilene","µg/m≥","26/07/2021","05","0.110","1"
"Pisticci","p-Xilene","µg/m≥","26/07/2021","06","0.130","1"
"Pisticci","p-Xilene","µg/m≥","26/07/2021","07","0.050","1"
"Pisticci","p-Xilene","µg/m≥","26/07/2021","08","0.170","1"
"Pisticci","p-Xilene","µg/m≥","26/07/2021","09","0.070","1"
"Pisticci","p-Xilene","µg/m≥","26/07/2021","10","0.130","1"
"Pisticci","p-Xilene","µg/m≥","26/07/2021","11","0.100","1"
"Pisticci","p-Xilene","µg/m≥","26/07/2021","12","0.140","1"
"Pisticci","p-Xilene","µg/m≥","26/07/2021","13","0.410","1"
"Pisticci","p-Xilene","µg/m≥","26/07/2021","14","0.310","1"
"Pisticci","p-Xilene","µg/m≥","26/07/2021","15","0.040","1"
"Pisticci","p-Xilene","µg/m≥","26/07/2021","16","0.080","1"
"Pisticci","p-Xilene","µg/m≥","26/07/2021","17","0.260","1"
"Pisticci","p-Xilene","µg/m≥","26/07/2021","18","0.090","1"
"Pisticci","p-Xilene","µg/m≥","26/07/2021","19","0.030","1"
"Pisticci","p-Xilene","µg/m≥","26/07/2021","20","0.030","1"
"Pisticci","p-Xilene","µg/m≥","26/07/2021","21","0.280","1"
"Pisticci","p-Xilene","µg/m≥","26/07/2021","22","0.050","1"
"Pisticci","p-Xilene","µg/m≥","26/07/2021","23","0.150","1"
"Pisticci","p-Xilene","µg/m≥","26/07/2021","24","0.070","1"
"Pisticci","p-Xilene","µg/m≥","27/07/2021","01","0.090","1"
"Pisticci","p-Xilene","µg/m≥","27/07/2021","02","0.050","1"
"Pisticci","p-Xilene","µg/m≥","27/07/2021","03","0.050","1"
"Pisticci","p-Xilene","µg/m≥","27/07/2021","04","0.120","1"
"Pisticci","p-Xilene","µg/m≥","27/07/2021","05","0.180","1"
"Pisticci","p-Xilene","µg/m≥","27/07/2021","06","0.180","1"
"Pisticci","p-Xilene","µg/m≥","27/07/2021","07","0.310","1"
"Pisticci","p-Xilene","µg/m≥","27/07/2021","08","0.430","1"
"Pisticci","p-Xilene","µg/m≥","27/07/2021","09","0.300","1"
"Pisticci","p-Xilene","µg/m≥","27/07/2021","10","0.030","1"
"Pisticci","p-Xilene","µg/m≥","27/07/2021","11","0.230","1"
"Pisticci","p-Xilene","µg/m≥","27/07/2021","12","0.330","1"
"Pisticci","p-Xilene","µg/m≥","27/07/2021","13","0.060","1"
"Pisticci","p-Xilene","µg/m≥","27/07/2021","14","0.150","1"
"Pisticci","p-Xilene","µg/m≥","27/07/2021","15","0.190","1"
"Pisticci","p-Xilene","µg/m≥","27/07/2021","16","-9999","-1"
"Pisticci","p-Xilene","µg/m≥","27/07/2021","17","-9999","-1"
"Pisticci","p-Xilene","µg/m≥","27/07/2021","18","-9999","-1"
"Pisticci","p-Xilene","µg/m≥","27/07/2021","19","-9999","-1"
"Pisticci","p-Xilene","µg/m≥","27/07/2021","20","-9999","-1"
"Pisticci","p-Xilene","µg/m≥","27/07/2021","21","-9999","-1"
"Pisticci","p-Xilene","µg/m≥","27/07/2021","22","-9999","-1"
"Pisticci","p-Xilene","µg/m≥","27/07/2021","23","-9999","-1"
"Pisticci","p-Xilene","µg/m≥","27/07/2021","24","-9999","-1"
"Pisticci","p-Xilene","µg/m≥","28/07/2021","01","-9999","-1"
"Pisticci","p-Xilene","µg/m≥","28/07/2021","02","-9999","-1"
"Pisticci","p-Xilene","µg/m≥","28/07/2021","03","-9999","-1"
"Pisticci","p-Xilene","µg/m≥","28/07/2021","04","-9999","-1"
"Pisticci","p-Xilene","µg/m≥","28/07/2021","05","-9999","-1"
"Pisticci","p-Xilene","µg/m≥","28/07/2021","06","-9999","-1"
"Pisticci","p-Xilene","µg/m≥","28/07/2021","07","-9999","-1"
"Pisticci","p-Xilene","µg/m≥","28/07/2021","08","-9999","-1"
"Pisticci","p-Xilene","µg/m≥","28/07/2021","09","-9999","-1"
"Pisticci","p-Xilene","µg/m≥","28/07/2021","10","-9999","-1"
"Pisticci","p-Xilene","µg/m≥","28/07/2021","11","-9999","-1"
"Pisticci","p-Xilene","µg/m≥","28/07/2021","12","-9999","-1"
"Pisticci","p-Xilene","µg/m≥","28/07/2021","13","-9999","-1"
"Pisticci","p-Xilene","µg/m≥","28/07/2021","14","-9999","-1"
"Pisticci","p-Xilene","µg/m≥","28/07/2021","15","-9999","-1"
"Pisticci","p-Xilene","µg/m≥","28/07/2021","16","-9999","-1"
"Pisticci","p-Xilene","µg/m≥","28/07/2021","17","-9999","-1"
"Pisticci","p-Xilene","µg/m≥","28/07/2021","18","-9999","-1"
"Pisticci","p-Xilene","µg/m≥","28/07/2021","19","0.030","-1"
"Pisticci","p-Xilene","µg/m≥","28/07/2021","20","0.000","-1"
"Pisticci","p-Xilene","µg/m≥","28/07/2021","21","0.000","-1"
"Pisticci","p-Xilene","µg/m≥","28/07/2021","22","0.000","-1"
"Pisticci","p-Xilene","µg/m≥","28/07/2021","23","0.000","-1"
"Pisticci","p-Xilene","µg/m≥","28/07/2021","24","0.000","-1"
"Pisticci","p-Xilene","µg/m≥","29/07/2021","01","0.000","-1"
"Pisticci","p-Xilene","µg/m≥","29/07/2021","02","0.000","-1"
"Pisticci","p-Xilene","µg/m≥","29/07/2021","03","0.000","-1"
"Pisticci","p-Xilene","µg/m≥","29/07/2021","04","0.000","-1"
"Pisticci","p-Xilene","µg/m≥","29/07/2021","05","0.000","-1"
"Pisticci","p-Xilene","µg/m≥","29/07/2021","06","0.000","-1"
"Pisticci","p-Xilene","µg/m≥","29/07/2021","07","0.000","-1"
"Pisticci","p-Xilene","µg/m≥","29/07/2021","08","0.000","-1"
"Pisticci","p-Xilene","µg/m≥","29/07/2021","09","0.000","-1"
"Pisticci","p-Xilene","µg/m≥","29/07/2021","10","0.000","-1"
"Pisticci","p-Xilene","µg/m≥","29/07/2021","11","0.000","-1"
"Pisticci","p-Xilene","µg/m≥","29/07/2021","12","0.000","-1"
"Pisticci","p-Xilene","µg/m≥","29/07/2021","13","0.000","-1"
"Pisticci","p-Xilene","µg/m≥","29/07/2021","14","0.000","-1"
"Pisticci","p-Xilene","µg/m≥","29/07/2021","15","0.000","-1"
"Pisticci","p-Xilene","µg/m≥","29/07/2021","16","0.000","-1"
"Pisticci","p-Xilene","µg/m≥","29/07/2021","17","0.000","-1"
"Pisticci","p-Xilene","µg/m≥","29/07/2021","18","0.000","-1"
"Pisticci","p-Xilene","µg/m≥","29/07/2021","19","0.000","-1"
"Pisticci","p-Xilene","µg/m≥","29/07/2021","20","0.000","-1"
"Pisticci","p-Xilene","µg/m≥","29/07/2021","21","0.000","-1"
"Pisticci","p-Xilene","µg/m≥","29/07/2021","22","0.000","-1"
"Pisticci","p-Xilene","µg/m≥","29/07/2021","23","0.000","-1"
"Pisticci","p-Xilene","µg/m≥","29/07/2021","24","0.000","-1"
"Pisticci","p-Xilene","µg/m≥","30/07/2021","01","0.000","1"
"Pisticci","p-Xilene","µg/m≥","30/07/2021","02","0.000","1"
"Pisticci","p-Xilene","µg/m≥","30/07/2021","03","0.000","1"
"Pisticci","p-Xilene","µg/m≥","30/07/2021","04","0.000","1"
"Pisticci","p-Xilene","µg/m≥","30/07/2021","05","0.000","1"
"Pisticci","p-Xilene","µg/m≥","30/07/2021","06","0.000","1"
"Pisticci","p-Xilene","µg/m≥","30/07/2021","07","0.000","1"
"Pisticci","p-Xilene","µg/m≥","30/07/2021","08","0.000","1"
"Pisticci","p-Xilene","µg/m≥","30/07/2021","09","0.010","1"
"Pisticci","p-Xilene","µg/m≥","30/07/2021","10","0.010","1"
"Pisticci","p-Xilene","µg/m≥","30/07/2021","11","0.000","1"
"Pisticci","p-Xilene","µg/m≥","30/07/2021","12","0.000","1"
"Pisticci","p-Xilene","µg/m≥","30/07/2021","13","0.010","1"
"Pisticci","p-Xilene","µg/m≥","30/07/2021","14","-9999","-1"
"Pisticci","p-Xilene","µg/m≥","30/07/2021","15","0.010","1"
"Pisticci","p-Xilene","µg/m≥","30/07/2021","16","0.000","1"
"Pisticci","p-Xilene","µg/m≥","30/07/2021","17","-9999","-1"
"Pisticci","p-Xilene","µg/m≥","30/07/2021","18","0.010","1"
"Pisticci","p-Xilene","µg/m≥","30/07/2021","19","0.070","1"
"Pisticci","p-Xilene","µg/m≥","30/07/2021","20","0.070","1"
"Pisticci","p-Xilene","µg/m≥","30/07/2021","21","0.090","1"
"Pisticci","p-Xilene","µg/m≥","30/07/2021","22","0.030","1"
"Pisticci","p-Xilene","µg/m≥","30/07/2021","23","0.040","1"
"Pisticci","p-Xilene","µg/m≥","30/07/2021","24","0.020","1"
"Pisticci","p-Xilene","µg/m≥","31/07/2021","01","0.020","1"
"Pisticci","p-Xilene","µg/m≥","31/07/2021","02","0.010","1"
"Pisticci","p-Xilene","µg/m≥","31/07/2021","03","0.020","1"
"Pisticci","p-Xilene","µg/m≥","31/07/2021","04","0.010","1"
"Pisticci","p-Xilene","µg/m≥","31/07/2021","05","0.010","1"
"Pisticci","p-Xilene","µg/m≥","31/07/2021","06","0.010","1"
"Pisticci","p-Xilene","µg/m≥","31/07/2021","07","0.010","1"
"Pisticci","p-Xilene","µg/m≥","31/07/2021","08","0.010","1"
"Pisticci","p-Xilene","µg/m≥","31/07/2021","09","0.010","1"
"Pisticci","p-Xilene","µg/m≥","31/07/2021","10","0.020","1"
"Pisticci","p-Xilene","µg/m≥","31/07/2021","11","0.010","1"
"Pisticci","p-Xilene","µg/m≥","31/07/2021","12","0.010","1"
"Pisticci","p-Xilene","µg/m≥","31/07/2021","13","0.010","1"
"Pisticci","p-Xilene","µg/m≥","31/07/2021","14","0.010","1"
"Pisticci","p-Xilene","µg/m≥","31/07/2021","15","0.010","1"
"Pisticci","p-Xilene","µg/m≥","31/07/2021","16","0.010","1"
"Pisticci","p-Xilene","µg/m≥","31/07/2021","17","0.010","1"
"Pisticci","p-Xilene","µg/m≥","31/07/2021","18","0.010","1"
"Pisticci","p-Xilene","µg/m≥","31/07/2021","19","0.010","1"
"Pisticci","p-Xilene","µg/m≥","31/07/2021","20","0.010","1"
"Pisticci","p-Xilene","µg/m≥","31/07/2021","21","0.000","1"
"Pisticci","p-Xilene","µg/m≥","31/07/2021","22","0.010","1"
"Pisticci","p-Xilene","µg/m≥","31/07/2021","23","0.000","1"
"Pisticci","p-Xilene","µg/m≥","31/07/2021","24","0.010","1"
"Pisticci","p-Xilene","µg/m≥","01/08/2021","01","0.010","1"
"Pisticci","p-Xilene","µg/m≥","01/08/2021","02","0.010","1"
"Pisticci","p-Xilene","µg/m≥","01/08/2021","03","0.010","1"
"Pisticci","p-Xilene","µg/m≥","01/08/2021","04","0.030","1"
"Pisticci","p-Xilene","µg/m≥","01/08/2021","05","0.040","1"
"Pisticci","p-Xilene","µg/m≥","01/08/2021","06","0.030","1"
"Pisticci","p-Xilene","µg/m≥","01/08/2021","07","0.020","1"
"Pisticci","p-Xilene","µg/m≥","01/08/2021","08","0.010","1"
"Pisticci","p-Xilene","µg/m≥","01/08/2021","09","0.000","1"
"Pisticci","p-Xilene","µg/m≥","01/08/2021","10","0.050","1"
"Pisticci","p-Xilene","µg/m≥","01/08/2021","11","0.020","1"
"Pisticci","p-Xilene","µg/m≥","01/08/2021","12","0.010","1"
"Pisticci","p-Xilene","µg/m≥","01/08/2021","13","0.010","1"
"Pisticci","p-Xilene","µg/m≥","01/08/2021","14","0.010","1"
"Pisticci","p-Xilene","µg/m≥","01/08/2021","15","0.010","1"
"Pisticci","p-Xilene","µg/m≥","01/08/2021","16","0.040","1"
"Pisticci","p-Xilene","µg/m≥","01/08/2021","17","0.040","1"
"Pisticci","p-Xilene","µg/m≥","01/08/2021","18","0.020","1"
"Pisticci","p-Xilene","µg/m≥","01/08/2021","19","0.020","1"
"Pisticci","p-Xilene","µg/m≥","01/08/2021","20","0.010","1"
"Pisticci","p-Xilene","µg/m≥","01/08/2021","21","0.010","1"
"Pisticci","p-Xilene","µg/m≥","01/08/2021","22","0.000","1"
"Pisticci","p-Xilene","µg/m≥","01/08/2021","23","0.010","1"
"Pisticci","p-Xilene","µg/m≥","01/08/2021","24","0.040","1"
"Pisticci","p-Xilene","µg/m≥","02/08/2021","01","0.010","1"
"Pisticci","p-Xilene","µg/m≥","02/08/2021","02","0.000","1"
"Pisticci","p-Xilene","µg/m≥","02/08/2021","03","0.010","1"
"Pisticci","p-Xilene","µg/m≥","02/08/2021","04","0.000","1"
"Pisticci","p-Xilene","µg/m≥","02/08/2021","05","0.010","1"
"Pisticci","p-Xilene","µg/m≥","02/08/2021","06","0.000","1"
"Pisticci","p-Xilene","µg/m≥","02/08/2021","07","0.010","1"
"Pisticci","p-Xilene","µg/m≥","02/08/2021","08","0.010","1"
"Pisticci","p-Xilene","µg/m≥","02/08/2021","09","0.010","1"
"Pisticci","p-Xilene","µg/m≥","02/08/2021","10","0.000","1"
"Pisticci","p-Xilene","µg/m≥","02/08/2021","11","0.000","1"
"Pisticci","p-Xilene","µg/m≥","02/08/2021","12","0.010","1"
"Pisticci","p-Xilene","µg/m≥","02/08/2021","13","0.010","1"
"Pisticci","p-Xilene","µg/m≥","02/08/2021","14","0.050","1"
"Pisticci","p-Xilene","µg/m≥","02/08/2021","15","0.020","1"
"Pisticci","p-Xilene","µg/m≥","02/08/2021","16","0.010","1"
"Pisticci","p-Xilene","µg/m≥","02/08/2021","17","0.070","1"
"Pisticci","p-Xilene","µg/m≥","02/08/2021","18","0.010","1"
"Pisticci","p-Xilene","µg/m≥","02/08/2021","19","0.020","1"
"Pisticci","p-Xilene","µg/m≥","02/08/2021","20","0.010","1"
"Pisticci","p-Xilene","µg/m≥","02/08/2021","21","0.000","1"
"Pisticci","p-Xilene","µg/m≥","02/08/2021","22","0.000","1"
"Pisticci","p-Xilene","µg/m≥","02/08/2021","23","0.000","1"
"Pisticci","p-Xilene","µg/m≥","02/08/2021","24","0.000","1"
"Pisticci","p-Xilene","µg/m≥","03/08/2021","01","0.000","1"
"Pisticci","p-Xilene","µg/m≥","03/08/2021","02","0.000","1"
"Pisticci","p-Xilene","µg/m≥","03/08/2021","03","0.000","1"
"Pisticci","p-Xilene","µg/m≥","03/08/2021","04","0.000","1"
"Pisticci","p-Xilene","µg/m≥","03/08/2021","05","0.000","1"
"Pisticci","p-Xilene","µg/m≥","03/08/2021","06","0.000","1"
"Pisticci","p-Xilene","µg/m≥","03/08/2021","07","0.000","1"
"Pisticci","p-Xilene","µg/m≥","03/08/2021","08","0.000","1"
"Pisticci","p-Xilene","µg/m≥","03/08/2021","09","0.000","1"
"Pisticci","p-Xilene","µg/m≥","03/08/2021","10","0.010","1"
"Pisticci","p-Xilene","µg/m≥","03/08/2021","11","0.000","1"
"Pisticci","p-Xilene","µg/m≥","03/08/2021","12","0.000","1"
"Pisticci","p-Xilene","µg/m≥","03/08/2021","13","0.010","1"
"Pisticci","p-Xilene","µg/m≥","03/08/2021","14","0.000","1"
"Pisticci","p-Xilene","µg/m≥","03/08/2021","15","-9999","-1"
"Pisticci","p-Xilene","µg/m≥","03/08/2021","16","-9999","-1"
"Pisticci","p-Xilene","µg/m≥","03/08/2021","17","-9999","-1"
"Pisticci","p-Xilene","µg/m≥","03/08/2021","18","-9999","-1"
"Pisticci","p-Xilene","µg/m≥","03/08/2021","19","0.540","1"
"Pisticci","p-Xilene","µg/m≥","03/08/2021","20","0.340","1"
"Pisticci","p-Xilene","µg/m≥","03/08/2021","21","0.260","1"
"Pisticci","p-Xilene","µg/m≥","03/08/2021","22","0.240","1"
"Pisticci","p-Xilene","µg/m≥","03/08/2021","23","0.210","1"
"Pisticci","p-Xilene","µg/m≥","03/08/2021","24","0.110","1"
"Pisticci","p-Xilene","µg/m≥","04/08/2021","01","0.170","-1"
"Pisticci","p-Xilene","µg/m≥","04/08/2021","02","0.150","-1"
"Pisticci","p-Xilene","µg/m≥","04/08/2021","03","0.070","-1"
"Pisticci","p-Xilene","µg/m≥","04/08/2021","04","0.060","-1"
"Pisticci","p-Xilene","µg/m≥","04/08/2021","05","0.120","-1"
"Pisticci","p-Xilene","µg/m≥","04/08/2021","06","0.060","-1"
"Pisticci","p-Xilene","µg/m≥","04/08/2021","07","0.110","-1"
"Pisticci","p-Xilene","µg/m≥","04/08/2021","08","0.070","-1"
"Pisticci","p-Xilene","µg/m≥","04/08/2021","09","-9999","-1"
"Pisticci","p-Xilene","µg/m≥","04/08/2021","10","0.060","-1"
"Pisticci","p-Xilene","µg/m≥","04/08/2021","11","0.100","-1"
"Pisticci","p-Xilene","µg/m≥","04/08/2021","12","0.070","-1"
"Pisticci","p-Xilene","µg/m≥","04/08/2021","13","0.050","-1"
"Pisticci","p-Xilene","µg/m≥","04/08/2021","14","0.080","-1"
"Pisticci","p-Xilene","µg/m≥","04/08/2021","15","0.060","-1"
"Pisticci","p-Xilene","µg/m≥","04/08/2021","16","0.010","-1"
"Pisticci","p-Xilene","µg/m≥","04/08/2021","17","-9999","-1"
"Pisticci","p-Xilene","µg/m≥","04/08/2021","18","-9999","-1"
"Pisticci","p-Xilene","µg/m≥","04/08/2021","19","-9999","-1"
"Pisticci","p-Xilene","µg/m≥","04/08/2021","20","-9999","-1"
"Pisticci","p-Xilene","µg/m≥","04/08/2021","21","-9999","-1"
"Pisticci","p-Xilene","µg/m≥","04/08/2021","22","0.010","-1"
"Pisticci","p-Xilene","µg/m≥","04/08/2021","23","0.170","1"
"Pisticci","p-Xilene","µg/m≥","04/08/2021","24","0.210","1"
"Pisticci","p-Xilene","µg/m≥","05/08/2021","01","0.220","1"
"Pisticci","p-Xilene","µg/m≥","05/08/2021","02","0.280","1"
"Pisticci","p-Xilene","µg/m≥","05/08/2021","03","0.240","1"
"Pisticci","p-Xilene","µg/m≥","05/08/2021","04","0.240","1"
"Pisticci","p-Xilene","µg/m≥","05/08/2021","05","0.260","1"
"Pisticci","p-Xilene","µg/m≥","05/08/2021","06","0.290","1"
"Pisticci","p-Xilene","µg/m≥","05/08/2021","07","0.300","1"
"Pisticci","p-Xilene","µg/m≥","05/08/2021","08","0.170","1"
"Pisticci","p-Xilene","µg/m≥","05/08/2021","09","0.110","1"
"Pisticci","p-Xilene","µg/m≥","05/08/2021","10","0.100","1"
"Pisticci","p-Xilene","µg/m≥","05/08/2021","11","0.120","1"
"Pisticci","p-Xilene","µg/m≥","05/08/2021","12","0.090","1"
"Pisticci","p-Xilene","µg/m≥","05/08/2021","13","0.090","1"
"Pisticci","p-Xilene","µg/m≥","05/08/2021","14","0.090","1"
"Pisticci","p-Xilene","µg/m≥","05/08/2021","15","0.090","1"
"Pisticci","p-Xilene","µg/m≥","05/08/2021","16","0.090","1"
"Pisticci","p-Xilene","µg/m≥","05/08/2021","17","0.090","1"
"Pisticci","p-Xilene","µg/m≥","05/08/2021","18","0.090","1"
"Pisticci","p-Xilene","µg/m≥","05/08/2021","19","0.100","1"
"Pisticci","p-Xilene","µg/m≥","05/08/2021","20","0.080","1"
"Pisticci","p-Xilene","µg/m≥","05/08/2021","21","0.070","1"
"Pisticci","p-Xilene","µg/m≥","05/08/2021","22","0.050","1"
"Pisticci","p-Xilene","µg/m≥","05/08/2021","23","0.060","1"
"Pisticci","p-Xilene","µg/m≥","05/08/2021","24","0.070","1"
"Pisticci","p-Xilene","µg/m≥","06/08/2021","01","0.070","1"
"Pisticci","p-Xilene","µg/m≥","06/08/2021","02","0.060","1"
"Pisticci","p-Xilene","µg/m≥","06/08/2021","03","0.090","1"
"Pisticci","p-Xilene","µg/m≥","06/08/2021","04","0.110","1"
"Pisticci","p-Xilene","µg/m≥","06/08/2021","05","0.110","1"
"Pisticci","p-Xilene","µg/m≥","06/08/2021","06","0.090","1"
"Pisticci","p-Xilene","µg/m≥","06/08/2021","07","0.100","1"
"Pisticci","p-Xilene","µg/m≥","06/08/2021","08","0.100","1"
"Pisticci","p-Xilene","µg/m≥","06/08/2021","09","0.040","1"
"Pisticci","p-Xilene","µg/m≥","06/08/2021","10","0.010","1"
"Pisticci","p-Xilene","µg/m≥","06/08/2021","11","0.060","1"
"Pisticci","p-Xilene","µg/m≥","06/08/2021","12","0.030","1"
"Pisticci","p-Xilene","µg/m≥","06/08/2021","13","0.030","1"
"Pisticci","p-Xilene","µg/m≥","06/08/2021","14","0.050","1"
"Pisticci","p-Xilene","µg/m≥","06/08/2021","15","0.020","1"
"Pisticci","p-Xilene","µg/m≥","06/08/2021","16","0.020","1"
"Pisticci","p-Xilene","µg/m≥","06/08/2021","17","-9999","-1"
"Pisticci","p-Xilene","µg/m≥","06/08/2021","18","-9999","-1"
"Pisticci","p-Xilene","µg/m≥","06/08/2021","19","-9999","-1"
"Pisticci","p-Xilene","µg/m≥","06/08/2021","20","0.020","1"
"Pisticci","p-Xilene","µg/m≥","06/08/2021","21","0.020","1"
"Pisticci","p-Xilene","µg/m≥","06/08/2021","22","0.050","1"
"Pisticci","p-Xilene","µg/m≥","06/08/2021","23","0.100","1"
"Pisticci","p-Xilene","µg/m≥","06/08/2021","24","0.020","1"
"Pisticci","p-Xilene","µg/m≥","07/08/2021","01","0.030","1"
"Pisticci","p-Xilene","µg/m≥","07/08/2021","02","0.020","1"
"Pisticci","p-Xilene","µg/m≥","07/08/2021","03","0.020","1"
"Pisticci","p-Xilene","µg/m≥","07/08/2021","04","0.060","1"
"Pisticci","p-Xilene","µg/m≥","07/08/2021","05","0.020","1"
"Pisticci","p-Xilene","µg/m≥","07/08/2021","06","0.010","1"
"Pisticci","p-Xilene","µg/m≥","07/08/2021","07","0.010","1"
"Pisticci","p-Xilene","µg/m≥","07/08/2021","08","0.020","1"
"Pisticci","p-Xilene","µg/m≥","07/08/2021","09","0.030","1"
"Pisticci","p-Xilene","µg/m≥","07/08/2021","10","0.020","1"
"Pisticci","p-Xilene","µg/m≥","07/08/2021","11","0.010","1"
"Pisticci","p-Xilene","µg/m≥","07/08/2021","12","0.020","1"
"Pisticci","p-Xilene","µg/m≥","07/08/2021","13","0.030","1"
"Pisticci","p-Xilene","µg/m≥","07/08/2021","14","0.020","1"
"Pisticci","p-Xilene","µg/m≥","07/08/2021","15","0.020","1"
"Pisticci","p-Xilene","µg/m≥","07/08/2021","16","0.020","1"
"Pisticci","p-Xilene","µg/m≥","07/08/2021","17","0.020","1"
"Pisticci","p-Xilene","µg/m≥","07/08/2021","18","0.010","1"
"Pisticci","p-Xilene","µg/m≥","07/08/2021","19","0.010","1"
"Pisticci","p-Xilene","µg/m≥","07/08/2021","20","0.020","1"
"Pisticci","p-Xilene","µg/m≥","07/08/2021","21","0.010","1"
"Pisticci","p-Xilene","µg/m≥","07/08/2021","22","0.030","1"
"Pisticci","p-Xilene","µg/m≥","07/08/2021","23","0.080","1"
"Pisticci","p-Xilene","µg/m≥","07/08/2021","24","0.050","1"
"Pisticci","p-Xilene","µg/m≥","08/08/2021","01","0.030","1"
"Pisticci","p-Xilene","µg/m≥","08/08/2021","02","0.080","1"
"Pisticci","p-Xilene","µg/m≥","08/08/2021","03","0.070","1"
"Pisticci","p-Xilene","µg/m≥","08/08/2021","04","0.120","1"
"Pisticci","p-Xilene","µg/m≥","08/08/2021","05","0.040","1"
"Pisticci","p-Xilene","µg/m≥","08/08/2021","06","0.030","1"
"Pisticci","p-Xilene","µg/m≥","08/08/2021","07","0.060","1"
"Pisticci","p-Xilene","µg/m≥","08/08/2021","08","0.060","1"
"Pisticci","p-Xilene","µg/m≥","08/08/2021","09","0.050","1"
"Pisticci","p-Xilene","µg/m≥","08/08/2021","10","0.040","1"
"Pisticci","p-Xilene","µg/m≥","08/08/2021","11","0.020","1"
"Pisticci","p-Xilene","µg/m≥","08/08/2021","12","0.030","1"
"Pisticci","p-Xilene","µg/m≥","08/08/2021","13","0.030","1"
"Pisticci","p-Xilene","µg/m≥","08/08/2021","14","0.080","1"
"Pisticci","p-Xilene","µg/m≥","08/08/2021","15","0.060","1"
"Pisticci","p-Xilene","µg/m≥","08/08/2021","16","0.070","1"
"Pisticci","p-Xilene","µg/m≥","08/08/2021","17","0.040","1"
"Pisticci","p-Xilene","µg/m≥","08/08/2021","18","0.010","1"
"Pisticci","p-Xilene","µg/m≥","08/08/2021","19","0.010","1"
"Pisticci","p-Xilene","µg/m≥","08/08/2021","20","0.020","1"
"Pisticci","p-Xilene","µg/m≥","08/08/2021","21","0.030","1"
"Pisticci","p-Xilene","µg/m≥","08/08/2021","22","0.020","1"
"Pisticci","p-Xilene","µg/m≥","08/08/2021","23","0.040","1"
"Pisticci","p-Xilene","µg/m≥","08/08/2021","24","0.020","1"
"Pisticci","p-Xilene","µg/m≥","09/08/2021","01","0.030","1"
"Pisticci","p-Xilene","µg/m≥","09/08/2021","02","0.050","1"
"Pisticci","p-Xilene","µg/m≥","09/08/2021","03","0.020","1"
"Pisticci","p-Xilene","µg/m≥","09/08/2021","04","0.030","1"
"Pisticci","p-Xilene","µg/m≥","09/08/2021","05","0.010","1"
"Pisticci","p-Xilene","µg/m≥","09/08/2021","06","0.030","1"
"Pisticci","p-Xilene","µg/m≥","09/08/2021","07","0.070","1"
"Pisticci","p-Xilene","µg/m≥","09/08/2021","08","0.020","1"
"Pisticci","p-Xilene","µg/m≥","09/08/2021","09","0.140","1"
"Pisticci","p-Xilene","µg/m≥","09/08/2021","10","0.070","1"
"Pisticci","p-Xilene","µg/m≥","09/08/2021","11","0.050","1"
"Pisticci","p-Xilene","µg/m≥","09/08/2021","12","0.020","1"
"Pisticci","p-Xilene","µg/m≥","09/08/2021","13","0.030","1"
"Pisticci","p-Xilene","µg/m≥","09/08/2021","14","0.000","1"
"Pisticci","p-Xilene","µg/m≥","09/08/2021","15","0.010","1"
"Pisticci","p-Xilene","µg/m≥","09/08/2021","16","0.010","1"
"Pisticci","p-Xilene","µg/m≥","09/08/2021","17","0.020","1"
"Pisticci","p-Xilene","µg/m≥","09/08/2021","18","0.000","1"
"Pisticci","p-Xilene","µg/m≥","09/08/2021","19","0.030","1"
"Pisticci","p-Xilene","µg/m≥","09/08/2021","20","0.040","1"
"Pisticci","p-Xilene","µg/m≥","09/08/2021","21","0.030","1"
"Pisticci","p-Xilene","µg/m≥","09/08/2021","22","0.030","1"
"Pisticci","p-Xilene","µg/m≥","09/08/2021","23","0.050","1"
"Pisticci","p-Xilene","µg/m≥","09/08/2021","24","0.030","1"
"Pisticci","p-Xilene","µg/m≥","10/08/2021","01","0.090","1"
"Pisticci","p-Xilene","µg/m≥","10/08/2021","02","0.050","1"
"Pisticci","p-Xilene","µg/m≥","10/08/2021","03","0.070","1"
"Pisticci","p-Xilene","µg/m≥","10/08/2021","04","0.050","1"
"Pisticci","p-Xilene","µg/m≥","10/08/2021","05","0.030","1"
"Pisticci","p-Xilene","µg/m≥","10/08/2021","06","0.030","1"
"Pisticci","p-Xilene","µg/m≥","10/08/2021","07","0.110","1"
"Pisticci","p-Xilene","µg/m≥","10/08/2021","08","0.470","1"
"Pisticci","p-Xilene","µg/m≥","10/08/2021","09","0.290","1"
"Pisticci","p-Xilene","µg/m≥","10/08/2021","10","0.050","1"
"Pisticci","p-Xilene","µg/m≥","10/08/2021","11","0.100","1"
"Pisticci","p-Xilene","µg/m≥","10/08/2021","12","0.140","1"
"Pisticci","p-Xilene","µg/m≥","10/08/2021","13","0.040","1"
"Pisticci","p-Xilene","µg/m≥","10/08/2021","14","0.050","1"
"Pisticci","p-Xilene","µg/m≥","10/08/2021","15","0.010","1"
"Pisticci","p-Xilene","µg/m≥","10/08/2021","16","0.010","1"
"Pisticci","p-Xilene","µg/m≥","10/08/2021","17","0.020","1"
"Pisticci","p-Xilene","µg/m≥","10/08/2021","18","0.100","1"
"Pisticci","p-Xilene","µg/m≥","10/08/2021","19","0.030","1"
"Pisticci","p-Xilene","µg/m≥","10/08/2021","20","0.020","1"
"Pisticci","p-Xilene","µg/m≥","10/08/2021","21","0.050","1"
"Pisticci","p-Xilene","µg/m≥","10/08/2021","22","0.020","1"
"Pisticci","p-Xilene","µg/m≥","10/08/2021","23","0.030","1"
"Pisticci","p-Xilene","µg/m≥","10/08/2021","24","0.030","1"
"Pisticci","p-Xilene","µg/m≥","11/08/2021","01","0.080","1"
"Pisticci","p-Xilene","µg/m≥","11/08/2021","02","0.040","1"
"Pisticci","p-Xilene","µg/m≥","11/08/2021","03","0.030","1"
"Pisticci","p-Xilene","µg/m≥","11/08/2021","04","0.140","1"
"Pisticci","p-Xilene","µg/m≥","11/08/2021","05","0.040","1"
"Pisticci","p-Xilene","µg/m≥","11/08/2021","06","0.030","1"
"Pisticci","p-Xilene","µg/m≥","11/08/2021","07","0.170","1"
"Pisticci","p-Xilene","µg/m≥","11/08/2021","08","0.610","1"
"Pisticci","p-Xilene","µg/m≥","11/08/2021","09","0.460","1"
"Pisticci","p-Xilene","µg/m≥","11/08/2021","10","0.200","1"
"Pisticci","p-Xilene","µg/m≥","11/08/2021","11","0.150","1"
"Pisticci","p-Xilene","µg/m≥","11/08/2021","12","0.080","1"
"Pisticci","p-Xilene","µg/m≥","11/08/2021","13","0.060","1"
"Pisticci","p-Xilene","µg/m≥","11/08/2021","14","0.030","1"
"Pisticci","p-Xilene","µg/m≥","11/08/2021","15","0.020","1"
"Pisticci","p-Xilene","µg/m≥","11/08/2021","16","0.020","1"
"Pisticci","p-Xilene","µg/m≥","11/08/2021","17","0.010","1"
"Pisticci","p-Xilene","µg/m≥","11/08/2021","18","0.010","1"
"Pisticci","p-Xilene","µg/m≥","11/08/2021","19","0.010","1"
"Pisticci","p-Xilene","µg/m≥","11/08/2021","20","0.030","1"
"Pisticci","p-Xilene","µg/m≥","11/08/2021","21","0.060","1"
"Pisticci","p-Xilene","µg/m≥","11/08/2021","22","0.020","1"
"Pisticci","p-Xilene","µg/m≥","11/08/2021","23","0.020","1"
"Pisticci","p-Xilene","µg/m≥","11/08/2021","24","0.010","1"
"Pisticci","p-Xilene","µg/m≥","12/08/2021","01","0.020","1"
"Pisticci","p-Xilene","µg/m≥","12/08/2021","02","0.010","1"
"Pisticci","p-Xilene","µg/m≥","12/08/2021","03","0.010","1"
"Pisticci","p-Xilene","µg/m≥","12/08/2021","04","0.020","1"
"Pisticci","p-Xilene","µg/m≥","12/08/2021","05","0.020","1"
"Pisticci","p-Xilene","µg/m≥","12/08/2021","06","0.030","1"
"Pisticci","p-Xilene","µg/m≥","12/08/2021","07","0.050","1"
"Pisticci","p-Xilene","µg/m≥","12/08/2021","08","0.020","1"
"Pisticci","p-Xilene","µg/m≥","12/08/2021","09","0.040","1"
"Pisticci","p-Xilene","µg/m≥","12/08/2021","10","0.010","1"
"Pisticci","p-Xilene","µg/m≥","12/08/2021","11","0.020","1"
"Pisticci","p-Xilene","µg/m≥","12/08/2021","12","0.010","1"
"Pisticci","p-Xilene","µg/m≥","12/08/2021","13","0.060","1"
"Pisticci","p-Xilene","µg/m≥","12/08/2021","14","0.010","1"
"Pisticci","p-Xilene","µg/m≥","12/08/2021","15","0.020","1"
"Pisticci","p-Xilene","µg/m≥","12/08/2021","16","0.010","1"
"Pisticci","p-Xilene","µg/m≥","12/08/2021","17","0.020","1"
"Pisticci","p-Xilene","µg/m≥","12/08/2021","18","0.010","1"
"Pisticci","p-Xilene","µg/m≥","12/08/2021","19","0.010","1"
"Pisticci","p-Xilene","µg/m≥","12/08/2021","20","0.010","1"
"Pisticci","p-Xilene","µg/m≥","12/08/2021","21","0.010","1"
"Pisticci","p-Xilene","µg/m≥","12/08/2021","22","-9999","-1"
"Pisticci","p-Xilene","µg/m≥","12/08/2021","23","-9999","-1"
"Pisticci","p-Xilene","µg/m≥","12/08/2021","24","-9999","-1"
"Pisticci","p-Xilene","µg/m≥","13/08/2021","01","-9999","-1"
"Pisticci","p-Xilene","µg/m≥","13/08/2021","02","-9999","-1"
"Pisticci","p-Xilene","µg/m≥","13/08/2021","03","-9999","-1"
"Pisticci","p-Xilene","µg/m≥","13/08/2021","04","-9999","-1"
"Pisticci","p-Xilene","µg/m≥","13/08/2021","05","-9999","-1"
"Pisticci","p-Xilene","µg/m≥","13/08/2021","06","-9999","-1"
"Pisticci","p-Xilene","µg/m≥","13/08/2021","07","-9999","-1"
"Pisticci","p-Xilene","µg/m≥","13/08/2021","08","-9999","-1"
"Pisticci","p-Xilene","µg/m≥","13/08/2021","09","-9999","-1"
"Pisticci","p-Xilene","µg/m≥","13/08/2021","10","0.020","1"
"Pisticci","p-Xilene","µg/m≥","13/08/2021","11","0.050","1"
"Pisticci","p-Xilene","µg/m≥","13/08/2021","12","0.040","1"
"Pisticci","p-Xilene","µg/m≥","13/08/2021","13","0.040","1"
"Pisticci","p-Xilene","µg/m≥","13/08/2021","14","0.030","1"
"Pisticci","p-Xilene","µg/m≥","13/08/2021","15","0.040","1"
"Pisticci","p-Xilene","µg/m≥","13/08/2021","16","0.020","1"
"Pisticci","p-Xilene","µg/m≥","13/08/2021","17","0.030","1"
"Pisticci","p-Xilene","µg/m≥","13/08/2021","18","0.050","1"
"Pisticci","p-Xilene","µg/m≥","13/08/2021","19","0.020","1"
"Pisticci","p-Xilene","µg/m≥","13/08/2021","20","0.050","1"
"Pisticci","p-Xilene","µg/m≥","13/08/2021","21","0.050","1"
"Pisticci","p-Xilene","µg/m≥","13/08/2021","22","0.140","1"
"Pisticci","p-Xilene","µg/m≥","13/08/2021","23","0.200","1"
"Pisticci","p-Xilene","µg/m≥","13/08/2021","24","0.030","1"
"Pisticci","p-Xilene","µg/m≥","14/08/2021","01","0.030","1"
"Pisticci","p-Xilene","µg/m≥","14/08/2021","02","0.130","1"
"Pisticci","p-Xilene","µg/m≥","14/08/2021","03","0.090","1"
"Pisticci","p-Xilene","µg/m≥","14/08/2021","04","0.040","1"
"Pisticci","p-Xilene","µg/m≥","14/08/2021","05","0.040","1"
"Pisticci","p-Xilene","µg/m≥","14/08/2021","06","0.030","1"
"Pisticci","p-Xilene","µg/m≥","14/08/2021","07","0.070","1"
"Pisticci","p-Xilene","µg/m≥","14/08/2021","08","0.010","1"
"Pisticci","p-Xilene","µg/m≥","14/08/2021","09","0.010","1"
"Pisticci","p-Xilene","µg/m≥","14/08/2021","10","0.050","1"
"Pisticci","p-Xilene","µg/m≥","14/08/2021","11","0.010","1"
"Pisticci","p-Xilene","µg/m≥","14/08/2021","12","0.030","1"
"Pisticci","p-Xilene","µg/m≥","14/08/2021","13","0.030","1"
"Pisticci","p-Xilene","µg/m≥","14/08/2021","14","0.010","1"
"Pisticci","p-Xilene","µg/m≥","14/08/2021","15","0.020","1"
"Pisticci","p-Xilene","µg/m≥","14/08/2021","16","0.010","1"
"Pisticci","p-Xilene","µg/m≥","14/08/2021","17","0.020","1"
"Pisticci","p-Xilene","µg/m≥","14/08/2021","18","0.010","1"
"Pisticci","p-Xilene","µg/m≥","14/08/2021","19","0.030","1"
"Pisticci","p-Xilene","µg/m≥","14/08/2021","20","0.010","1"
"Pisticci","p-Xilene","µg/m≥","14/08/2021","21","0.100","1"
"Pisticci","p-Xilene","µg/m≥","14/08/2021","22","0.070","1"
"Pisticci","p-Xilene","µg/m≥","14/08/2021","23","0.140","1"
"Pisticci","p-Xilene","µg/m≥","14/08/2021","24","0.060","1"
"Pisticci","p-Xilene","µg/m≥","15/08/2021","01","0.090","1"
"Pisticci","p-Xilene","µg/m≥","15/08/2021","02","0.140","1"
"Pisticci","p-Xilene","µg/m≥","15/08/2021","03","0.090","1"
"Pisticci","p-Xilene","µg/m≥","15/08/2021","04","0.020","1"
"Pisticci","p-Xilene","µg/m≥","15/08/2021","05","0.030","1"
"Pisticci","p-Xilene","µg/m≥","15/08/2021","06","0.030","1"
"Pisticci","p-Xilene","µg/m≥","15/08/2021","07","0.050","1"
"Pisticci","p-Xilene","µg/m≥","15/08/2021","08","0.020","1"
"Pisticci","p-Xilene","µg/m≥","15/08/2021","09","0.020","1"
"Pisticci","p-Xilene","µg/m≥","15/08/2021","10","0.010","1"
"Pisticci","p-Xilene","µg/m≥","15/08/2021","11","0.020","1"
"Pisticci","p-Xilene","µg/m≥","15/08/2021","12","0.010","1"
"Pisticci","p-Xilene","µg/m≥","15/08/2021","13","0.020","1"
"Pisticci","p-Xilene","µg/m≥","15/08/2021","14","0.010","1"
"Pisticci","p-Xilene","µg/m≥","15/08/2021","15","0.020","1"
"Pisticci","p-Xilene","µg/m≥","15/08/2021","16","0.010","1"
"Pisticci","p-Xilene","µg/m≥","15/08/2021","17","0.010","1"
"Pisticci","p-Xilene","µg/m≥","15/08/2021","18","0.020","1"
"Pisticci","p-Xilene","µg/m≥","15/08/2021","19","0.030","1"
"Pisticci","p-Xilene","µg/m≥","15/08/2021","20","0.020","1"
"Pisticci","p-Xilene","µg/m≥","15/08/2021","21","0.050","1"
"Pisticci","p-Xilene","µg/m≥","15/08/2021","22","0.080","1"
"Pisticci","p-Xilene","µg/m≥","15/08/2021","23","0.120","1"
"Pisticci","p-Xilene","µg/m≥","15/08/2021","24","0.110","1"
"Pisticci","p-Xilene","µg/m≥","16/08/2021","01","0.080","1"
"Pisticci","p-Xilene","µg/m≥","16/08/2021","02","0.020","1"
"Pisticci","p-Xilene","µg/m≥","16/08/2021","03","0.090","1"
"Pisticci","p-Xilene","µg/m≥","16/08/2021","04","0.050","1"
"Pisticci","p-Xilene","µg/m≥","16/08/2021","05","0.050","1"
"Pisticci","p-Xilene","µg/m≥","16/08/2021","06","0.020","1"
"Pisticci","p-Xilene","µg/m≥","16/08/2021","07","0.060","1"
"Pisticci","p-Xilene","µg/m≥","16/08/2021","08","0.040","1"
"Pisticci","p-Xilene","µg/m≥","16/08/2021","09","0.070","1"
"Pisticci","p-Xilene","µg/m≥","16/08/2021","10","0.020","1"
"Pisticci","p-Xilene","µg/m≥","16/08/2021","11","0.030","1"
"Pisticci","p-Xilene","µg/m≥","16/08/2021","12","0.030","1"
"Pisticci","p-Xilene","µg/m≥","16/08/2021","13","0.030","1"
"Pisticci","p-Xilene","µg/m≥","16/08/2021","14","0.020","1"
"Pisticci","p-Xilene","µg/m≥","16/08/2021","15","0.010","1"
"Pisticci","p-Xilene","µg/m≥","16/08/2021","16","0.020","1"
"Pisticci","p-Xilene","µg/m≥","16/08/2021","17","0.080","1"
"Pisticci","p-Xilene","µg/m≥","16/08/2021","18","0.100","1"
"Pisticci","p-Xilene","µg/m≥","16/08/2021","19","0.060","1"
"Pisticci","p-Xilene","µg/m≥","16/08/2021","20","0.050","1"
"Pisticci","p-Xilene","µg/m≥","16/08/2021","21","0.060","1"
"Pisticci","p-Xilene","µg/m≥","16/08/2021","22","0.020","1"
"Pisticci","p-Xilene","µg/m≥","16/08/2021","23","0.030","1"
"Pisticci","p-Xilene","µg/m≥","16/08/2021","24","0.020","1"
"Pisticci","p-Xilene","µg/m≥","17/08/2021","01","0.040","1"
"Pisticci","p-Xilene","µg/m≥","17/08/2021","02","0.020","1"
"Pisticci","p-Xilene","µg/m≥","17/08/2021","03","0.030","1"
"Pisticci","p-Xilene","µg/m≥","17/08/2021","04","0.050","1"
"Pisticci","p-Xilene","µg/m≥","17/08/2021","05","0.030","1"
"Pisticci","p-Xilene","µg/m≥","17/08/2021","06","0.020","1"
"Pisticci","p-Xilene","µg/m≥","17/08/2021","07","0.030","1"
"Pisticci","p-Xilene","µg/m≥","17/08/2021","08","0.030","1"
"Pisticci","p-Xilene","µg/m≥","17/08/2021","09","0.020","1"
"Pisticci","p-Xilene","µg/m≥","17/08/2021","10","0.120","1"
"Pisticci","p-Xilene","µg/m≥","17/08/2021","11","0.020","1"
"Pisticci","p-Xilene","µg/m≥","17/08/2021","12","0.020","1"
"Pisticci","p-Xilene","µg/m≥","17/08/2021","13","0.060","1"
"Pisticci","p-Xilene","µg/m≥","17/08/2021","14","0.050","1"
"Pisticci","p-Xilene","µg/m≥","17/08/2021","15","0.120","1"
"Pisticci","p-Xilene","µg/m≥","17/08/2021","16","0.080","1"
"Pisticci","p-Xilene","µg/m≥","17/08/2021","17","0.190","1"
"Pisticci","p-Xilene","µg/m≥","17/08/2021","18","0.040","1"
"Pisticci","p-Xilene","µg/m≥","17/08/2021","19","0.090","1"
"Pisticci","p-Xilene","µg/m≥","17/08/2021","20","0.180","1"
"Pisticci","p-Xilene","µg/m≥","17/08/2021","21","0.050","1"
"Pisticci","p-Xilene","µg/m≥","17/08/2021","22","0.040","1"
"Pisticci","p-Xilene","µg/m≥","17/08/2021","23","0.080","1"
"Pisticci","p-Xilene","µg/m≥","17/08/2021","24","0.030","1"
"Pisticci","p-Xilene","µg/m≥","18/08/2021","01","0.020","1"
"Pisticci","p-Xilene","µg/m≥","18/08/2021","02","0.050","1"
"Pisticci","p-Xilene","µg/m≥","18/08/2021","03","0.020","1"
"Pisticci","p-Xilene","µg/m≥","18/08/2021","04","0.020","1"
"Pisticci","p-Xilene","µg/m≥","18/08/2021","05","0.010","1"
"Pisticci","p-Xilene","µg/m≥","18/08/2021","06","0.030","1"
"Pisticci","p-Xilene","µg/m≥","18/08/2021","07","0.010","1"
"Pisticci","p-Xilene","µg/m≥","18/08/2021","08","0.030","1"
"Pisticci","p-Xilene","µg/m≥","18/08/2021","09","0.020","1"
"Pisticci","p-Xilene","µg/m≥","18/08/2021","10","0.060","1"
"Pisticci","p-Xilene","µg/m≥","18/08/2021","11","0.020","1"
"Pisticci","p-Xilene","µg/m≥","18/08/2021","12","0.010","1"
"Pisticci","p-Xilene","µg/m≥","18/08/2021","13","0.010","1"
"Pisticci","p-Xilene","µg/m≥","18/08/2021","14","-9999","-1"
"Pisticci","p-Xilene","µg/m≥","18/08/2021","15","-9999","-1"
"Pisticci","p-Xilene","µg/m≥","18/08/2021","16","-9999","-1"
"Pisticci","p-Xilene","µg/m≥","18/08/2021","17","-9999","-1"
"Pisticci","p-Xilene","µg/m≥","18/08/2021","18","0.080","1"
"Pisticci","p-Xilene","µg/m≥","18/08/2021","19","0.070","1"
"Pisticci","p-Xilene","µg/m≥","18/08/2021","20","0.020","1"
"Pisticci","p-Xilene","µg/m≥","18/08/2021","21","0.070","1"
"Pisticci","p-Xilene","µg/m≥","18/08/2021","22","0.030","1"
"Pisticci","p-Xilene","µg/m≥","18/08/2021","23","0.040","1"
"Pisticci","p-Xilene","µg/m≥","18/08/2021","24","0.030","1"
"Pisticci","p-Xilene","µg/m≥","19/08/2021","01","0.050","1"
"Pisticci","p-Xilene","µg/m≥","19/08/2021","02","0.070","1"
"Pisticci","p-Xilene","µg/m≥","19/08/2021","03","0.020","1"
"Pisticci","p-Xilene","µg/m≥","19/08/2021","04","0.010","1"
"Pisticci","p-Xilene","µg/m≥","19/08/2021","05","0.030","1"
"Pisticci","p-Xilene","µg/m≥","19/08/2021","06","0.030","1"
"Pisticci","p-Xilene","µg/m≥","19/08/2021","07","0.020","1"
"Pisticci","p-Xilene","µg/m≥","19/08/2021","08","0.020","1"
"Pisticci","p-Xilene","µg/m≥","19/08/2021","09","0.070","1"
"Pisticci","p-Xilene","µg/m≥","19/08/2021","10","0.020","1"
"Pisticci","p-Xilene","µg/m≥","19/08/2021","11","0.010","1"
"Pisticci","p-Xilene","µg/m≥","19/08/2021","12","0.030","1"
"Pisticci","p-Xilene","µg/m≥","19/08/2021","13","0.020","1"
"Pisticci","p-Xilene","µg/m≥","19/08/2021","14","0.040","1"
"Pisticci","p-Xilene","µg/m≥","19/08/2021","15","0.010","1"
"Pisticci","p-Xilene","µg/m≥","19/08/2021","16","0.010","1"
"Pisticci","p-Xilene","µg/m≥","19/08/2021","17","0.010","1"
"Pisticci","p-Xilene","µg/m≥","19/08/2021","18","0.010","1"
"Pisticci","p-Xilene","µg/m≥","19/08/2021","19","0.030","1"
"Pisticci","p-Xilene","µg/m≥","19/08/2021","20","0.190","1"
"Pisticci","p-Xilene","µg/m≥","19/08/2021","21","0.120","1"
"Pisticci","p-Xilene","µg/m≥","19/08/2021","22","0.010","1"
"Pisticci","p-Xilene","µg/m≥","19/08/2021","23","0.040","1"
"Pisticci","p-Xilene","µg/m≥","19/08/2021","24","0.070","1"
"Pisticci","p-Xilene","µg/m≥","20/08/2021","01","0.050","1"
"Pisticci","p-Xilene","µg/m≥","20/08/2021","02","0.030","1"
"Pisticci","p-Xilene","µg/m≥","20/08/2021","03","0.060","1"
"Pisticci","p-Xilene","µg/m≥","20/08/2021","04","0.010","1"
"Pisticci","p-Xilene","µg/m≥","20/08/2021","05","0.020","1"
"Pisticci","p-Xilene","µg/m≥","20/08/2021","06","0.090","1"
"Pisticci","p-Xilene","µg/m≥","20/08/2021","07","0.150","1"
"Pisticci","p-Xilene","µg/m≥","20/08/2021","08","0.060","1"
"Pisticci","p-Xilene","µg/m≥","20/08/2021","09","-9999","-1"
"Pisticci","p-Xilene","µg/m≥","20/08/2021","10","-9999","-1"
"Pisticci","p-Xilene","µg/m≥","20/08/2021","11","0.010","1"
"Pisticci","p-Xilene","µg/m≥","20/08/2021","12","0.020","1"
"Pisticci","p-Xilene","µg/m≥","20/08/2021","13","0.000","1"
"Pisticci","p-Xilene","µg/m≥","20/08/2021","14","0.000","1"
"Pisticci","p-Xilene","µg/m≥","20/08/2021","15","0.010","1"
"Pisticci","p-Xilene","µg/m≥","20/08/2021","16","0.000","1"
"Pisticci","p-Xilene","µg/m≥","20/08/2021","17","0.010","1"
"Pisticci","p-Xilene","µg/m≥","20/08/2021","18","0.060","1"
"Pisticci","p-Xilene","µg/m≥","20/08/2021","19","0.110","1"
"Pisticci","p-Xilene","µg/m≥","20/08/2021","20","0.130","1"
"Pisticci","p-Xilene","µg/m≥","20/08/2021","21","0.060","1"
"Pisticci","p-Xilene","µg/m≥","20/08/2021","22","0.030","1"
"Pisticci","p-Xilene","µg/m≥","20/08/2021","23","0.020","1"
"Pisticci","p-Xilene","µg/m≥","20/08/2021","24","0.010","1"
"Pisticci","p-Xilene","µg/m≥","21/08/2021","01","0.020","1"
"Pisticci","p-Xilene","µg/m≥","21/08/2021","02","0.020","1"
"Pisticci","p-Xilene","µg/m≥","21/08/2021","03","0.040","1"
"Pisticci","p-Xilene","µg/m≥","21/08/2021","04","0.070","1"
"Pisticci","p-Xilene","µg/m≥","21/08/2021","05","0.030","1"
"Pisticci","p-Xilene","µg/m≥","21/08/2021","06","0.020","1"
"Pisticci","p-Xilene","µg/m≥","21/08/2021","07","0.020","1"
"Pisticci","p-Xilene","µg/m≥","21/08/2021","08","0.030","1"
"Pisticci","p-Xilene","µg/m≥","21/08/2021","09","0.070","1"
"Pisticci","p-Xilene","µg/m≥","21/08/2021","10","0.020","1"
"Pisticci","p-Xilene","µg/m≥","21/08/2021","11","0.010","1"
"Pisticci","p-Xilene","µg/m≥","21/08/2021","12","0.020","1"
"Pisticci","p-Xilene","µg/m≥","21/08/2021","13","0.010","1"
"Pisticci","p-Xilene","µg/m≥","21/08/2021","14","0.010","1"
"Pisticci","p-Xilene","µg/m≥","21/08/2021","15","0.020","1"
"Pisticci","p-Xilene","µg/m≥","21/08/2021","16","0.030","1"
"Pisticci","p-Xilene","µg/m≥","21/08/2021","17","0.070","1"
"Pisticci","p-Xilene","µg/m≥","21/08/2021","18","0.110","1"
"Pisticci","p-Xilene","µg/m≥","21/08/2021","19","0.100","1"
"Pisticci","p-Xilene","µg/m≥","21/08/2021","20","0.140","1"
"Pisticci","p-Xilene","µg/m≥","21/08/2021","21","0.050","1"
"Pisticci","p-Xilene","µg/m≥","21/08/2021","22","0.040","1"
"Pisticci","p-Xilene","µg/m≥","21/08/2021","23","0.520","1"
"Pisticci","p-Xilene","µg/m≥","21/08/2021","24","0.390","1"
"Pisticci","p-Xilene","µg/m≥","22/08/2021","01","0.090","1"
"Pisticci","p-Xilene","µg/m≥","22/08/2021","02","0.110","1"
"Pisticci","p-Xilene","µg/m≥","22/08/2021","03","0.040","1"
"Pisticci","p-Xilene","µg/m≥","22/08/2021","04","0.050","1"
"Pisticci","p-Xilene","µg/m≥","22/08/2021","05","0.010","1"
"Pisticci","p-Xilene","µg/m≥","22/08/2021","06","0.050","1"
"Pisticci","p-Xilene","µg/m≥","22/08/2021","07","0.020","1"
"Pisticci","p-Xilene","µg/m≥","22/08/2021","08","0.090","1"
"Pisticci","p-Xilene","µg/m≥","22/08/2021","09","0.020","1"
"Pisticci","p-Xilene","µg/m≥","22/08/2021","10","0.020","1"
"Pisticci","p-Xilene","µg/m≥","22/08/2021","11","0.020","1"
"Pisticci","p-Xilene","µg/m≥","22/08/2021","12","0.070","1"
"Pisticci","p-Xilene","µg/m≥","22/08/2021","13","0.010","1"
"Pisticci","p-Xilene","µg/m≥","22/08/2021","14","0.010","1"
"Pisticci","p-Xilene","µg/m≥","22/08/2021","15","0.010","1"
"Pisticci","p-Xilene","µg/m≥","22/08/2021","16","0.010","1"
"Pisticci","p-Xilene","µg/m≥","22/08/2021","17","0.010","1"
"Pisticci","p-Xilene","µg/m≥","22/08/2021","18","0.020","1"
"Pisticci","p-Xilene","µg/m≥","22/08/2021","19","0.040","1"
"Pisticci","p-Xilene","µg/m≥","22/08/2021","20","0.130","1"
"Pisticci","p-Xilene","µg/m≥","22/08/2021","21","0.110","1"
"Pisticci","p-Xilene","µg/m≥","22/08/2021","22","0.110","1"
"Pisticci","p-Xilene","µg/m≥","22/08/2021","23","0.030","1"
"Pisticci","p-Xilene","µg/m≥","22/08/2021","24","0.120","1"
"Pisticci","p-Xilene","µg/m≥","23/08/2021","01","0.190","1"
"Pisticci","p-Xilene","µg/m≥","23/08/2021","02","0.070","1"
"Pisticci","p-Xilene","µg/m≥","23/08/2021","03","0.030","1"
"Pisticci","p-Xilene","µg/m≥","23/08/2021","04","0.040","1"
"Pisticci","p-Xilene","µg/m≥","23/08/2021","05","0.040","1"
"Pisticci","p-Xilene","µg/m≥","23/08/2021","06","0.040","1"
"Pisticci","p-Xilene","µg/m≥","23/08/2021","07","0.070","1"
"Pisticci","p-Xilene","µg/m≥","23/08/2021","08","0.080","1"
"Pisticci","p-Xilene","µg/m≥","23/08/2021","09","0.070","1"
"Pisticci","p-Xilene","µg/m≥","23/08/2021","10","0.070","1"
"Pisticci","p-Xilene","µg/m≥","23/08/2021","11","0.020","1"
"Pisticci","p-Xilene","µg/m≥","23/08/2021","12","0.040","1"
"Pisticci","p-Xilene","µg/m≥","23/08/2021","13","0.040","1"
"Pisticci","p-Xilene","µg/m≥","23/08/2021","14","0.030","1"
"Pisticci","p-Xilene","µg/m≥","23/08/2021","15","0.060","1"
"Pisticci","p-Xilene","µg/m≥","23/08/2021","16","0.040","1"
"Pisticci","p-Xilene","µg/m≥","23/08/2021","17","0.240","1"
"Pisticci","p-Xilene","µg/m≥","23/08/2021","18","0.070","1"
"Pisticci","p-Xilene","µg/m≥","23/08/2021","19","0.170","1"
"Pisticci","p-Xilene","µg/m≥","23/08/2021","20","0.130","1"
"Pisticci","p-Xilene","µg/m≥","23/08/2021","21","0.030","1"
"Pisticci","p-Xilene","µg/m≥","23/08/2021","22","0.030","1"
"Pisticci","p-Xilene","µg/m≥","23/08/2021","23","0.050","1"
"Pisticci","p-Xilene","µg/m≥","23/08/2021","24","0.090","1"
"Pisticci","p-Xilene","µg/m≥","24/08/2021","01","0.050","1"
"Pisticci","p-Xilene","µg/m≥","24/08/2021","02","0.090","1"
"Pisticci","p-Xilene","µg/m≥","24/08/2021","03","0.030","1"
"Pisticci","p-Xilene","µg/m≥","24/08/2021","04","0.030","1"
"Pisticci","p-Xilene","µg/m≥","24/08/2021","05","0.040","1"
"Pisticci","p-Xilene","µg/m≥","24/08/2021","06","0.020","1"
"Pisticci","p-Xilene","µg/m≥","24/08/2021","07","0.020","1"
"Pisticci","p-Xilene","µg/m≥","24/08/2021","08","0.050","1"
"Pisticci","p-Xilene","µg/m≥","24/08/2021","09","0.080","1"
"Pisticci","p-Xilene","µg/m≥","24/08/2021","10","0.110","1"
"Pisticci","p-Xilene","µg/m≥","24/08/2021","11","-9999","-1"
"Pisticci","p-Xilene","µg/m≥","24/08/2021","12","-9999","-1"
"Pisticci","p-Xilene","µg/m≥","24/08/2021","13","-9999","-1"
"Pisticci","p-Xilene","µg/m≥","24/08/2021","14","-9999","-1"
"Pisticci","p-Xilene","µg/m≥","24/08/2021","15","-9999","-1"
"Pisticci","p-Xilene","µg/m≥","24/08/2021","16","-9999","-1"
"Pisticci","p-Xilene","µg/m≥","24/08/2021","17","-9999","-1"
"Pisticci","p-Xilene","µg/m≥","24/08/2021","18","-9999","-1"
"Pisticci","p-Xilene","µg/m≥","24/08/2021","19","-9999","-1"
"Pisticci","p-Xilene","µg/m≥","24/08/2021","20","-9999","-1"
"Pisticci","p-Xilene","µg/m≥","24/08/2021","21","-9999","-1"
"Pisticci","p-Xilene","µg/m≥","24/08/2021","22","-9999","-1"
"Pisticci","p-Xilene","µg/m≥","24/08/2021","23","-9999","-1"
"Pisticci","p-Xilene","µg/m≥","24/08/2021","24","-9999","-1"
"Pisticci","p-Xilene","µg/m≥","25/08/2021","01","-9999","-1"
"Pisticci","p-Xilene","µg/m≥","25/08/2021","02","-9999","-1"
"Pisticci","p-Xilene","µg/m≥","25/08/2021","03","-9999","-1"
"Pisticci","p-Xilene","µg/m≥","25/08/2021","04","-9999","-1"
"Pisticci","p-Xilene","µg/m≥","25/08/2021","05","-9999","-1"
"Pisticci","p-Xilene","µg/m≥","25/08/2021","06","-9999","-1"
"Pisticci","p-Xilene","µg/m≥","25/08/2021","07","-9999","-1"
"Pisticci","p-Xilene","µg/m≥","25/08/2021","08","-9999","-1"
"Pisticci","p-Xilene","µg/m≥","25/08/2021","09","-9999","-1"
"Pisticci","p-Xilene","µg/m≥","25/08/2021","10","-9999","-1"
"Pisticci","p-Xilene","µg/m≥","25/08/2021","11","-9999","-1"
"Pisticci","p-Xilene","µg/m≥","25/08/2021","12","-9999","-1"
"Pisticci","p-Xilene","µg/m≥","25/08/2021","13","-9999","-1"
"Pisticci","p-Xilene","µg/m≥","25/08/2021","14","-9999","-1"
"Pisticci","p-Xilene","µg/m≥","25/08/2021","15","0.060","1"
"Pisticci","p-Xilene","µg/m≥","25/08/2021","16","0.020","1"
"Pisticci","p-Xilene","µg/m≥","25/08/2021","17","0.050","1"
"Pisticci","p-Xilene","µg/m≥","25/08/2021","18","0.030","1"
"Pisticci","p-Xilene","µg/m≥","25/08/2021","19","0.020","1"
"Pisticci","p-Xilene","µg/m≥","25/08/2021","20","0.020","1"
"Pisticci","p-Xilene","µg/m≥","25/08/2021","21","0.030","1"
"Pisticci","p-Xilene","µg/m≥","25/08/2021","22","0.010","1"
"Pisticci","p-Xilene","µg/m≥","25/08/2021","23","0.030","1"
"Pisticci","p-Xilene","µg/m≥","25/08/2021","24","0.010","1"
"Pisticci","p-Xilene","µg/m≥","26/08/2021","01","0.020","1"
"Pisticci","p-Xilene","µg/m≥","26/08/2021","02","0.020","1"
"Pisticci","p-Xilene","µg/m≥","26/08/2021","03","0.010","1"
"Pisticci","p-Xilene","µg/m≥","26/08/2021","04","0.030","1"
"Pisticci","p-Xilene","µg/m≥","26/08/2021","05","0.010","1"
"Pisticci","p-Xilene","µg/m≥","26/08/2021","06","0.020","1"
"Pisticci","p-Xilene","µg/m≥","26/08/2021","07","0.020","1"
"Pisticci","p-Xilene","µg/m≥","26/08/2021","08","0.010","-1"
"Pisticci","p-Xilene","µg/m≥","26/08/2021","09","-9999","-1"
"Pisticci","p-Xilene","µg/m≥","26/08/2021","10","-9999","-1"
"Pisticci","p-Xilene","µg/m≥","26/08/2021","11","-9999","-1"
"Pisticci","p-Xilene","µg/m≥","26/08/2021","12","-9999","-1"
"Pisticci","p-Xilene","µg/m≥","26/08/2021","13","-9999","-1"
"Pisticci","p-Xilene","µg/m≥","26/08/2021","14","-9999","-1"
"Pisticci","p-Xilene","µg/m≥","26/08/2021","15","-9999","-1"
"Pisticci","p-Xilene","µg/m≥","26/08/2021","16","0.890","-1"
"Pisticci","p-Xilene","µg/m≥","26/08/2021","17","-9999","-1"
"Pisticci","p-Xilene","µg/m≥","26/08/2021","18","-9999","-1"
"Pisticci","p-Xilene","µg/m≥","26/08/2021","19","-9999","-1"
"Pisticci","p-Xilene","µg/m≥","26/08/2021","20","-9999","-1"
"Pisticci","p-Xilene","µg/m≥","26/08/2021","21","-9999","-1"
"Pisticci","p-Xilene","µg/m≥","26/08/2021","22","-9999","-1"
"Pisticci","p-Xilene","µg/m≥","26/08/2021","23","0.140","1"
"Pisticci","p-Xilene","µg/m≥","26/08/2021","24","0.080","1"
"Pisticci","p-Xilene","µg/m≥","27/08/2021","01","0.090","1"
"Pisticci","p-Xilene","µg/m≥","27/08/2021","02","0.060","1"
"Pisticci","p-Xilene","µg/m≥","27/08/2021","03","0.090","1"
"Pisticci","p-Xilene","µg/m≥","27/08/2021","04","0.040","1"
"Pisticci","p-Xilene","µg/m≥","27/08/2021","05","0.030","1"
"Pisticci","p-Xilene","µg/m≥","27/08/2021","06","0.050","1"
"Pisticci","p-Xilene","µg/m≥","27/08/2021","07","0.030","1"
"Pisticci","p-Xilene","µg/m≥","27/08/2021","08","0.100","1"
"Pisticci","p-Xilene","µg/m≥","27/08/2021","09","0.090","1"
"Pisticci","p-Xilene","µg/m≥","27/08/2021","10","0.180","1"
"Pisticci","p-Xilene","µg/m≥","27/08/2021","11","0.100","1"
"Pisticci","p-Xilene","µg/m≥","27/08/2021","12","0.200","1"
"Pisticci","p-Xilene","µg/m≥","27/08/2021","13","0.310","1"
"Pisticci","p-Xilene","µg/m≥","27/08/2021","14","0.350","1"
"Pisticci","p-Xilene","µg/m≥","27/08/2021","15","0.710","1"
"Pisticci","p-Xilene","µg/m≥","27/08/2021","16","0.350","1"
"Pisticci","p-Xilene","µg/m≥","27/08/2021","17","0.090","1"
"Pisticci","p-Xilene","µg/m≥","27/08/2021","18","0.040","1"
"Pisticci","p-Xilene","µg/m≥","27/08/2021","19","0.080","1"
"Pisticci","p-Xilene","µg/m≥","27/08/2021","20","0.030","1"
"Pisticci","p-Xilene","µg/m≥","27/08/2021","21","0.030","1"
"Pisticci","p-Xilene","µg/m≥","27/08/2021","22","0.130","1"
"Pisticci","p-Xilene","µg/m≥","27/08/2021","23","0.030","1"
"Pisticci","p-Xilene","µg/m≥","27/08/2021","24","0.030","1"
"Pisticci","p-Xilene","µg/m≥","28/08/2021","01","0.100","1"
"Pisticci","p-Xilene","µg/m≥","28/08/2021","02","0.030","1"
"Pisticci","p-Xilene","µg/m≥","28/08/2021","03","0.260","1"
"Pisticci","p-Xilene","µg/m≥","28/08/2021","04","0.110","1"
"Pisticci","p-Xilene","µg/m≥","28/08/2021","05","0.120","1"
"Pisticci","p-Xilene","µg/m≥","28/08/2021","06","0.030","1"
"Pisticci","p-Xilene","µg/m≥","28/08/2021","07","0.040","1"
"Pisticci","p-Xilene","µg/m≥","28/08/2021","08","0.050","1"
"Pisticci","p-Xilene","µg/m≥","28/08/2021","09","0.080","1"
"Pisticci","p-Xilene","µg/m≥","28/08/2021","10","0.120","1"
"Pisticci","p-Xilene","µg/m≥","28/08/2021","11","0.170","1"
"Pisticci","p-Xilene","µg/m≥","28/08/2021","12","0.460","1"
"Pisticci","p-Xilene","µg/m≥","28/08/2021","13","0.080","1"
"Pisticci","p-Xilene","µg/m≥","28/08/2021","14","0.170","1"
"Pisticci","p-Xilene","µg/m≥","28/08/2021","15","0.040","1"
"Pisticci","p-Xilene","µg/m≥","28/08/2021","16","0.190","1"
"Pisticci","p-Xilene","µg/m≥","28/08/2021","17","0.320","1"
"Pisticci","p-Xilene","µg/m≥","28/08/2021","18","0.470","1"
"Pisticci","p-Xilene","µg/m≥","28/08/2021","19","0.160","1"
"Pisticci","p-Xilene","µg/m≥","28/08/2021","20","0.130","1"
"Pisticci","p-Xilene","µg/m≥","28/08/2021","21","0.230","1"
"Pisticci","p-Xilene","µg/m≥","28/08/2021","22","0.030","1"
"Pisticci","p-Xilene","µg/m≥","28/08/2021","23","0.170","1"
"Pisticci","p-Xilene","µg/m≥","28/08/2021","24","0.150","1"
"Pisticci","p-Xilene","µg/m≥","29/08/2021","01","0.060","1"
"Pisticci","p-Xilene","µg/m≥","29/08/2021","02","0.060","1"
"Pisticci","p-Xilene","µg/m≥","29/08/2021","03","0.030","1"
"Pisticci","p-Xilene","µg/m≥","29/08/2021","04","0.040","1"
"Pisticci","p-Xilene","µg/m≥","29/08/2021","05","0.050","1"
"Pisticci","p-Xilene","µg/m≥","29/08/2021","06","0.070","1"
"Pisticci","p-Xilene","µg/m≥","29/08/2021","07","0.040","1"
"Pisticci","p-Xilene","µg/m≥","29/08/2021","08","0.060","1"
"Pisticci","p-Xilene","µg/m≥","29/08/2021","09","0.080","1"
"Pisticci","p-Xilene","µg/m≥","29/08/2021","10","0.170","1"
"Pisticci","p-Xilene","µg/m≥","29/08/2021","11","0.090","1"
"Pisticci","p-Xilene","µg/m≥","29/08/2021","12","0.310","1"
"Pisticci","p-Xilene","µg/m≥","29/08/2021","13","0.200","1"
"Pisticci","p-Xilene","µg/m≥","29/08/2021","14","0.070","1"
"Pisticci","p-Xilene","µg/m≥","29/08/2021","15","0.190","1"
"Pisticci","p-Xilene","µg/m≥","29/08/2021","16","0.040","1"
"Pisticci","p-Xilene","µg/m≥","29/08/2021","17","0.130","1"
"Pisticci","p-Xilene","µg/m≥","29/08/2021","18","0.060","1"
"Pisticci","p-Xilene","µg/m≥","29/08/2021","19","0.060","1"
"Pisticci","p-Xilene","µg/m≥","29/08/2021","20","0.050","1"
"Pisticci","p-Xilene","µg/m≥","29/08/2021","21","0.110","1"
"Pisticci","p-Xilene","µg/m≥","29/08/2021","22","0.040","1"
"Pisticci","p-Xilene","µg/m≥","29/08/2021","23","0.080","1"
"Pisticci","p-Xilene","µg/m≥","29/08/2021","24","0.090","1"
"Pisticci","p-Xilene","µg/m≥","30/08/2021","01","0.120","1"
"Pisticci","p-Xilene","µg/m≥","30/08/2021","02","0.120","1"
"Pisticci","p-Xilene","µg/m≥","30/08/2021","03","0.130","1"
"Pisticci","p-Xilene","µg/m≥","30/08/2021","04","0.290","1"
"Pisticci","p-Xilene","µg/m≥","30/08/2021","05","0.140","1"
"Pisticci","p-Xilene","µg/m≥","30/08/2021","06","0.130","1"
"Pisticci","p-Xilene","µg/m≥","30/08/2021","07","0.090","1"
"Pisticci","p-Xilene","µg/m≥","30/08/2021","08","0.030","1"
"Pisticci","p-Xilene","µg/m≥","30/08/2021","09","-9999","-1"
"Pisticci","p-Xilene","µg/m≥","30/08/2021","10","-9999","-1"
"Pisticci","p-Xilene","µg/m≥","30/08/2021","11","-9999","-1"
"Pisticci","p-Xilene","µg/m≥","30/08/2021","12","3.290","-1"
"Pisticci","p-Xilene","µg/m≥","30/08/2021","13","1.440","-1"
"Pisticci","p-Xilene","µg/m≥","30/08/2021","14","0.870","-1"
"Pisticci","p-Xilene","µg/m≥","30/08/2021","15","0.100","-1"
"Pisticci","p-Xilene","µg/m≥","30/08/2021","16","7.510","-1"
"Pisticci","p-Xilene","µg/m≥","30/08/2021","17","-9999","-1"
"Pisticci","p-Xilene","µg/m≥","30/08/2021","18","-9999","-1"
"Pisticci","p-Xilene","µg/m≥","30/08/2021","19","0.080","-1"
"Pisticci","p-Xilene","µg/m≥","30/08/2021","20","0.070","-1"
"Pisticci","p-Xilene","µg/m≥","30/08/2021","21","0.080","1"
"Pisticci","p-Xilene","µg/m≥","30/08/2021","22","0.130","1"
"Pisticci","p-Xilene","µg/m≥","30/08/2021","23","0.050","1"
"Pisticci","p-Xilene","µg/m≥","30/08/2021","24","0.140","1"
"Pisticci","p-Xilene","µg/m≥","31/08/2021","01","0.110","1"
"Pisticci","p-Xilene","µg/m≥","31/08/2021","02","0.040","1"
"Pisticci","p-Xilene","µg/m≥","31/08/2021","03","0.050","1"
"Pisticci","p-Xilene","µg/m≥","31/08/2021","04","0.060","1"
"Pisticci","p-Xilene","µg/m≥","31/08/2021","05","0.120","1"
"Pisticci","p-Xilene","µg/m≥","31/08/2021","06","0.050","1"
"Pisticci","p-Xilene","µg/m≥","31/08/2021","07","0.070","1"
"Pisticci","p-Xilene","µg/m≥","31/08/2021","08","0.030","1"
"Pisticci","p-Xilene","µg/m≥","31/08/2021","09","-9999","-1"
"Pisticci","p-Xilene","µg/m≥","31/08/2021","10","-9999","-1"
"Pisticci","p-Xilene","µg/m≥","31/08/2021","11","-9999","-1"
"Pisticci","p-Xilene","µg/m≥","31/08/2021","12","1.240","-1"
"Pisticci","p-Xilene","µg/m≥","31/08/2021","13","0.190","1"
"Pisticci","p-Xilene","µg/m≥","31/08/2021","14","0.080","1"
"Pisticci","p-Xilene","µg/m≥","31/08/2021","15","0.110","1"
"Pisticci","p-Xilene","µg/m≥","31/08/2021","16","0.100","1"
"Pisticci","p-Xilene","µg/m≥","31/08/2021","17","0.210","1"
"Pisticci","p-Xilene","µg/m≥","31/08/2021","18","0.130","1"
"Pisticci","p-Xilene","µg/m≥","31/08/2021","19","0.290","1"
"Pisticci","p-Xilene","µg/m≥","31/08/2021","20","0.150","1"
"Pisticci","p-Xilene","µg/m≥","31/08/2021","21","0.050","1"
"Pisticci","p-Xilene","µg/m≥","31/08/2021","22","0.220","1"
"Pisticci","p-Xilene","µg/m≥","31/08/2021","23","0.210","1"
"Pisticci","p-Xilene","µg/m≥","31/08/2021","24","0.140","1"
"Pisticci","p-Xilene","µg/m≥","01/09/2021","01","0.130","1"
"Pisticci","p-Xilene","µg/m≥","01/09/2021","02","0.040","1"
"Pisticci","p-Xilene","µg/m≥","01/09/2021","03","0.160","1"
"Pisticci","p-Xilene","µg/m≥","01/09/2021","04","0.060","1"
"Pisticci","p-Xilene","µg/m≥","01/09/2021","05","0.090","1"
"Pisticci","p-Xilene","µg/m≥","01/09/2021","06","0.050","1"
"Pisticci","p-Xilene","µg/m≥","01/09/2021","07","0.060","1"
"Pisticci","p-Xilene","µg/m≥","01/09/2021","08","0.090","1"
"Pisticci","p-Xilene","µg/m≥","01/09/2021","09","0.150","1"
"Pisticci","p-Xilene","µg/m≥","01/09/2021","10","0.220","1"
"Pisticci","p-Xilene","µg/m≥","01/09/2021","11","0.190","1"
"Pisticci","p-Xilene","µg/m≥","01/09/2021","12","0.130","1"
"Pisticci","p-Xilene","µg/m≥","01/09/2021","13","0.120","1"
"Pisticci","p-Xilene","µg/m≥","01/09/2021","14","0.160","1"
"Pisticci","p-Xilene","µg/m≥","01/09/2021","15","0.080","1"
"Pisticci","p-Xilene","µg/m≥","01/09/2021","16","0.090","1"
"Pisticci","p-Xilene","µg/m≥","01/09/2021","17","0.150","1"
"Pisticci","p-Xilene","µg/m≥","01/09/2021","18","0.360","1"
"Pisticci","p-Xilene","µg/m≥","01/09/2021","19","1.410","1"
"Pisticci","p-Xilene","µg/m≥","01/09/2021","20","0.320","1"
"Pisticci","p-Xilene","µg/m≥","01/09/2021","21","0.070","1"
"Pisticci","p-Xilene","µg/m≥","01/09/2021","22","0.120","1"
"Pisticci","p-Xilene","µg/m≥","01/09/2021","23","0.060","1"
"Pisticci","p-Xilene","µg/m≥","01/09/2021","24","0.290","1"
"Pisticci","p-Xilene","µg/m≥","02/09/2021","01","0.090","1"
"Pisticci","p-Xilene","µg/m≥","02/09/2021","02","0.080","1"
"Pisticci","p-Xilene","µg/m≥","02/09/2021","03","0.330","1"
"Pisticci","p-Xilene","µg/m≥","02/09/2021","04","0.050","1"
"Pisticci","p-Xilene","µg/m≥","02/09/2021","05","0.050","1"
"Pisticci","p-Xilene","µg/m≥","02/09/2021","06","0.090","1"
"Pisticci","p-Xilene","µg/m≥","02/09/2021","07","0.040","1"
"Pisticci","p-Xilene","µg/m≥","02/09/2021","08","0.290","1"
"Pisticci","p-Xilene","µg/m≥","02/09/2021","09","0.070","1"
"Pisticci","p-Xilene","µg/m≥","02/09/2021","10","0.090","1"
"Pisticci","p-Xilene","µg/m≥","02/09/2021","11","0.070","1"
"Pisticci","p-Xilene","µg/m≥","02/09/2021","12","0.140","1"
"Pisticci","p-Xilene","µg/m≥","02/09/2021","13","0.050","1"
"Pisticci","p-Xilene","µg/m≥","02/09/2021","14","0.040","1"
"Pisticci","p-Xilene","µg/m≥","02/09/2021","15","0.110","1"
"Pisticci","p-Xilene","µg/m≥","02/09/2021","16","0.080","1"
"Pisticci","p-Xilene","µg/m≥","02/09/2021","17","0.050","1"
"Pisticci","p-Xilene","µg/m≥","02/09/2021","18","0.040","1"
"Pisticci","p-Xilene","µg/m≥","02/09/2021","19","0.150","1"
"Pisticci","p-Xilene","µg/m≥","02/09/2021","20","0.100","1"
"Pisticci","p-Xilene","µg/m≥","02/09/2021","21","0.040","1"
"Pisticci","p-Xilene","µg/m≥","02/09/2021","22","0.070","1"
"Pisticci","p-Xilene","µg/m≥","02/09/2021","23","0.130","1"
"Pisticci","p-Xilene","µg/m≥","02/09/2021","24","0.050","1"
"Pisticci","p-Xilene","µg/m≥","03/09/2021","01","0.040","1"
"Pisticci","p-Xilene","µg/m≥","03/09/2021","02","0.050","1"
"Pisticci","p-Xilene","µg/m≥","03/09/2021","03","0.150","1"
"Pisticci","p-Xilene","µg/m≥","03/09/2021","04","0.070","1"
"Pisticci","p-Xilene","µg/m≥","03/09/2021","05","0.070","1"
"Pisticci","p-Xilene","µg/m≥","03/09/2021","06","0.090","1"
"Pisticci","p-Xilene","µg/m≥","03/09/2021","07","0.110","1"
"Pisticci","p-Xilene","µg/m≥","03/09/2021","08","0.140","1"
"Pisticci","p-Xilene","µg/m≥","03/09/2021","09","0.140","1"
"Pisticci","p-Xilene","µg/m≥","03/09/2021","10","0.090","1"
"Pisticci","p-Xilene","µg/m≥","03/09/2021","11","0.050","1"
"Pisticci","p-Xilene","µg/m≥","03/09/2021","12","0.090","1"
"Pisticci","p-Xilene","µg/m≥","03/09/2021","13","0.160","1"
"Pisticci","p-Xilene","µg/m≥","03/09/2021","14","0.120","1"
"Pisticci","p-Xilene","µg/m≥","03/09/2021","15","0.080","1"
"Pisticci","p-Xilene","µg/m≥","03/09/2021","16","0.130","1"
"Pisticci","p-Xilene","µg/m≥","03/09/2021","17","0.230","1"
"Pisticci","p-Xilene","µg/m≥","03/09/2021","18","0.250","1"
"Pisticci","p-Xilene","µg/m≥","03/09/2021","19","0.190","1"
"Pisticci","p-Xilene","µg/m≥","03/09/2021","20","0.120","1"
"Pisticci","p-Xilene","µg/m≥","03/09/2021","21","0.050","1"
"Pisticci","p-Xilene","µg/m≥","03/09/2021","22","0.260","1"
"Pisticci","p-Xilene","µg/m≥","03/09/2021","23","0.130","1"
"Pisticci","p-Xilene","µg/m≥","03/09/2021","24","0.080","1"
"Pisticci","p-Xilene","µg/m≥","04/09/2021","01","0.070","1"
"Pisticci","p-Xilene","µg/m≥","04/09/2021","02","0.170","1"
"Pisticci","p-Xilene","µg/m≥","04/09/2021","03","0.180","1"
"Pisticci","p-Xilene","µg/m≥","04/09/2021","04","0.250","1"
"Pisticci","p-Xilene","µg/m≥","04/09/2021","05","0.180","1"
"Pisticci","p-Xilene","µg/m≥","04/09/2021","06","0.080","1"
"Pisticci","p-Xilene","µg/m≥","04/09/2021","07","0.160","1"
"Pisticci","p-Xilene","µg/m≥","04/09/2021","08","0.100","1"
"Pisticci","p-Xilene","µg/m≥","04/09/2021","09","2.100","1"
"Pisticci","p-Xilene","µg/m≥","04/09/2021","10","0.430","1"
"Pisticci","p-Xilene","µg/m≥","04/09/2021","11","2.760","1"
"Pisticci","p-Xilene","µg/m≥","04/09/2021","12","0.800","1"
"Pisticci","p-Xilene","µg/m≥","04/09/2021","13","0.090","1"
"Pisticci","p-Xilene","µg/m≥","04/09/2021","14","0.100","1"
"Pisticci","p-Xilene","µg/m≥","04/09/2021","15","0.100","1"
"Pisticci","p-Xilene","µg/m≥","04/09/2021","16","0.060","1"
"Pisticci","p-Xilene","µg/m≥","04/09/2021","17","0.240","1"
"Pisticci","p-Xilene","µg/m≥","04/09/2021","18","0.040","1"
"Pisticci","p-Xilene","µg/m≥","04/09/2021","19","0.220","1"
"Pisticci","p-Xilene","µg/m≥","04/09/2021","20","0.100","1"
"Pisticci","p-Xilene","µg/m≥","04/09/2021","21","0.080","1"
"Pisticci","p-Xilene","µg/m≥","04/09/2021","22","0.070","1"
"Pisticci","p-Xilene","µg/m≥","04/09/2021","23","0.110","1"
"Pisticci","p-Xilene","µg/m≥","04/09/2021","24","0.070","1"
"Pisticci","p-Xilene","µg/m≥","05/09/2021","01","0.050","1"
"Pisticci","p-Xilene","µg/m≥","05/09/2021","02","0.100","1"
"Pisticci","p-Xilene","µg/m≥","05/09/2021","03","0.090","1"
"Pisticci","p-Xilene","µg/m≥","05/09/2021","04","0.020","1"
"Pisticci","p-Xilene","µg/m≥","05/09/2021","05","0.110","1"
"Pisticci","p-Xilene","µg/m≥","05/09/2021","06","0.060","1"
"Pisticci","p-Xilene","µg/m≥","05/09/2021","07","0.070","1"
"Pisticci","p-Xilene","µg/m≥","05/09/2021","08","0.080","1"
"Pisticci","p-Xilene","µg/m≥","05/09/2021","09","0.090","1"
"Pisticci","p-Xilene","µg/m≥","05/09/2021","10","0.160","1"
"Pisticci","p-Xilene","µg/m≥","05/09/2021","11","0.090","1"
"Pisticci","p-Xilene","µg/m≥","05/09/2021","12","0.120","1"
"Pisticci","p-Xilene","µg/m≥","05/09/2021","13","0.130","1"
"Pisticci","p-Xilene","µg/m≥","05/09/2021","14","0.180","1"
"Pisticci","p-Xilene","µg/m≥","05/09/2021","15","0.170","1"
"Pisticci","p-Xilene","µg/m≥","05/09/2021","16","0.160","1"
"Pisticci","p-Xilene","µg/m≥","05/09/2021","17","0.340","1"
"Pisticci","p-Xilene","µg/m≥","05/09/2021","18","0.230","1"
"Pisticci","p-Xilene","µg/m≥","05/09/2021","19","0.060","1"
"Pisticci","p-Xilene","µg/m≥","05/09/2021","20","0.080","1"
"Pisticci","p-Xilene","µg/m≥","05/09/2021","21","0.050","1"
"Pisticci","p-Xilene","µg/m≥","05/09/2021","22","0.050","1"
"Pisticci","p-Xilene","µg/m≥","05/09/2021","23","0.070","1"
"Pisticci","p-Xilene","µg/m≥","05/09/2021","24","0.080","1"
"Pisticci","p-Xilene","µg/m≥","06/09/2021","01","0.090","1"
"Pisticci","p-Xilene","µg/m≥","06/09/2021","02","0.120","1"
"Pisticci","p-Xilene","µg/m≥","06/09/2021","03","0.010","1"
"Pisticci","p-Xilene","µg/m≥","06/09/2021","04","0.040","1"
"Pisticci","p-Xilene","µg/m≥","06/09/2021","05","0.020","1"
"Pisticci","p-Xilene","µg/m≥","06/09/2021","06","0.020","1"
"Pisticci","p-Xilene","µg/m≥","06/09/2021","07","0.050","1"
"Pisticci","p-Xilene","µg/m≥","06/09/2021","08","0.080","1"
"Pisticci","p-Xilene","µg/m≥","06/09/2021","09","0.030","1"
"Pisticci","p-Xilene","µg/m≥","06/09/2021","10","0.060","1"
"Pisticci","p-Xilene","µg/m≥","06/09/2021","11","0.100","1"
"Pisticci","p-Xilene","µg/m≥","06/09/2021","12","0.940","1"
"Pisticci","p-Xilene","µg/m≥","06/09/2021","13","1.530","1"
"Pisticci","p-Xilene","µg/m≥","06/09/2021","14","0.110","1"
"Pisticci","p-Xilene","µg/m≥","06/09/2021","15","0.490","1"
"Pisticci","p-Xilene","µg/m≥","06/09/2021","16","0.060","1"
"Pisticci","p-Xilene","µg/m≥","06/09/2021","17","0.080","1"
"Pisticci","p-Xilene","µg/m≥","06/09/2021","18","0.090","1"
"Pisticci","p-Xilene","µg/m≥","06/09/2021","19","0.060","1"
"Pisticci","p-Xilene","µg/m≥","06/09/2021","20","0.050","1"
"Pisticci","p-Xilene","µg/m≥","06/09/2021","21","0.080","1"
"Pisticci","p-Xilene","µg/m≥","06/09/2021","22","0.030","1"
"Pisticci","p-Xilene","µg/m≥","06/09/2021","23","0.060","1"
"Pisticci","p-Xilene","µg/m≥","06/09/2021","24","0.050","1"
"Pisticci","p-Xilene","µg/m≥","07/09/2021","01","0.070","1"
"Pisticci","p-Xilene","µg/m≥","07/09/2021","02","0.040","1"
"Pisticci","p-Xilene","µg/m≥","07/09/2021","03","0.020","1"
"Pisticci","p-Xilene","µg/m≥","07/09/2021","04","0.060","1"
"Pisticci","p-Xilene","µg/m≥","07/09/2021","05","0.060","1"
"Pisticci","p-Xilene","µg/m≥","07/09/2021","06","0.060","1"
"Pisticci","p-Xilene","µg/m≥","07/09/2021","07","0.020","1"
"Pisticci","p-Xilene","µg/m≥","07/09/2021","08","0.070","1"
"Pisticci","p-Xilene","µg/m≥","07/09/2021","09","0.150","1"
"Pisticci","p-Xilene","µg/m≥","07/09/2021","10","0.130","1"
"Pisticci","p-Xilene","µg/m≥","07/09/2021","11","0.050","1"
"Pisticci","p-Xilene","µg/m≥","07/09/2021","12","0.090","1"
"Pisticci","p-Xilene","µg/m≥","07/09/2021","13","0.210","1"
"Pisticci","p-Xilene","µg/m≥","07/09/2021","14","0.130","1"
"Pisticci","p-Xilene","µg/m≥","07/09/2021","15","0.060","1"
"Pisticci","p-Xilene","µg/m≥","07/09/2021","16","0.030","1"
"Pisticci","p-Xilene","µg/m≥","07/09/2021","17","0.030","1"
"Pisticci","p-Xilene","µg/m≥","07/09/2021","18","0.030","1"
"Pisticci","p-Xilene","µg/m≥","07/09/2021","19","0.160","1"
"Pisticci","p-Xilene","µg/m≥","07/09/2021","20","0.040","1"
"Pisticci","p-Xilene","µg/m≥","07/09/2021","21","0.090","1"
"Pisticci","p-Xilene","µg/m≥","07/09/2021","22","0.060","1"
"Pisticci","p-Xilene","µg/m≥","07/09/2021","23","0.030","1"
"Pisticci","p-Xilene","µg/m≥","07/09/2021","24","0.030","1"
"Pisticci","p-Xilene","µg/m≥","08/09/2021","01","0.050","1"
"Pisticci","p-Xilene","µg/m≥","08/09/2021","02","0.090","1"
"Pisticci","p-Xilene","µg/m≥","08/09/2021","03","0.040","1"
"Pisticci","p-Xilene","µg/m≥","08/09/2021","04","0.030","1"
"Pisticci","p-Xilene","µg/m≥","08/09/2021","05","0.020","1"
"Pisticci","p-Xilene","µg/m≥","08/09/2021","06","0.030","1"
"Pisticci","p-Xilene","µg/m≥","08/09/2021","07","0.050","1"
"Pisticci","p-Xilene","µg/m≥","08/09/2021","08","0.030","1"
"Pisticci","p-Xilene","µg/m≥","08/09/2021","09","0.050","1"
"Pisticci","p-Xilene","µg/m≥","08/09/2021","10","0.120","1"
"Pisticci","p-Xilene","µg/m≥","08/09/2021","11","0.070","1"
"Pisticci","p-Xilene","µg/m≥","08/09/2021","12","0.360","1"
"Pisticci","p-Xilene","µg/m≥","08/09/2021","13","0.150","1"
"Pisticci","p-Xilene","µg/m≥","08/09/2021","14","0.310","1"
"Pisticci","p-Xilene","µg/m≥","08/09/2021","15","0.090","1"
"Pisticci","p-Xilene","µg/m≥","08/09/2021","16","0.030","1"
"Pisticci","p-Xilene","µg/m≥","08/09/2021","17","0.020","1"
"Pisticci","p-Xilene","µg/m≥","08/09/2021","18","0.040","1"
"Pisticci","p-Xilene","µg/m≥","08/09/2021","19","0.040","1"
"Pisticci","p-Xilene","µg/m≥","08/09/2021","20","0.030","1"
"Pisticci","p-Xilene","µg/m≥","08/09/2021","21","0.020","1"
"Pisticci","p-Xilene","µg/m≥","08/09/2021","22","0.030","1"
"Pisticci","p-Xilene","µg/m≥","08/09/2021","23","0.050","1"
"Pisticci","p-Xilene","µg/m≥","08/09/2021","24","0.060","1"
"Pisticci","p-Xilene","µg/m≥","09/09/2021","01","0.030","1"
"Pisticci","p-Xilene","µg/m≥","09/09/2021","02","0.100","1"
"Pisticci","p-Xilene","µg/m≥","09/09/2021","03","0.020","1"
"Pisticci","p-Xilene","µg/m≥","09/09/2021","04","0.060","1"
"Pisticci","p-Xilene","µg/m≥","09/09/2021","05","0.030","1"
"Pisticci","p-Xilene","µg/m≥","09/09/2021","06","0.030","1"
"Pisticci","p-Xilene","µg/m≥","09/09/2021","07","0.040","1"
"Pisticci","p-Xilene","µg/m≥","09/09/2021","08","0.090","1"
"Pisticci","p-Xilene","µg/m≥","09/09/2021","09","0.050","1"
"Pisticci","p-Xilene","µg/m≥","09/09/2021","10","0.040","1"
"Pisticci","p-Xilene","µg/m≥","09/09/2021","11","0.050","1"
"Pisticci","p-Xilene","µg/m≥","09/09/2021","12","0.300","1"
"Pisticci","p-Xilene","µg/m≥","09/09/2021","13","0.190","1"
"Pisticci","p-Xilene","µg/m≥","09/09/2021","14","0.360","1"
"Pisticci","p-Xilene","µg/m≥","09/09/2021","15","0.150","1"
"Pisticci","p-Xilene","µg/m≥","09/09/2021","16","0.270","1"
"Pisticci","p-Xilene","µg/m≥","09/09/2021","17","0.120","1"
"Pisticci","p-Xilene","µg/m≥","09/09/2021","18","0.080","1"
"Pisticci","p-Xilene","µg/m≥","09/09/2021","19","0.130","1"
"Pisticci","p-Xilene","µg/m≥","09/09/2021","20","0.220","1"
"Pisticci","p-Xilene","µg/m≥","09/09/2021","21","0.040","1"
"Pisticci","p-Xilene","µg/m≥","09/09/2021","22","0.070","1"
"Pisticci","p-Xilene","µg/m≥","09/09/2021","23","0.030","1"
"Pisticci","p-Xilene","µg/m≥","09/09/2021","24","0.130","1"
"Pisticci","p-Xilene","µg/m≥","10/09/2021","01","0.070","1"
"Pisticci","p-Xilene","µg/m≥","10/09/2021","02","0.100","1"
"Pisticci","p-Xilene","µg/m≥","10/09/2021","03","0.080","1"
"Pisticci","p-Xilene","µg/m≥","10/09/2021","04","0.070","1"
"Pisticci","p-Xilene","µg/m≥","10/09/2021","05","0.030","1"
"Pisticci","p-Xilene","µg/m≥","10/09/2021","06","0.090","1"
"Pisticci","p-Xilene","µg/m≥","10/09/2021","07","0.240","1"
"Pisticci","p-Xilene","µg/m≥","10/09/2021","08","0.140","1"
"Pisticci","p-Xilene","µg/m≥","10/09/2021","09","0.140","1"
"Pisticci","p-Xilene","µg/m≥","10/09/2021","10","0.100","1"
"Pisticci","p-Xilene","µg/m≥","10/09/2021","11","0.070","1"
"Pisticci","p-Xilene","µg/m≥","10/09/2021","12","0.070","1"
"Pisticci","p-Xilene","µg/m≥","10/09/2021","13","0.110","1"
"Pisticci","p-Xilene","µg/m≥","10/09/2021","14","0.120","1"
"Pisticci","p-Xilene","µg/m≥","10/09/2021","15","0.090","1"
"Pisticci","p-Xilene","µg/m≥","10/09/2021","16","0.350","1"
"Pisticci","p-Xilene","µg/m≥","10/09/2021","17","0.140","1"
"Pisticci","p-Xilene","µg/m≥","10/09/2021","18","0.290","1"
"Pisticci","p-Xilene","µg/m≥","10/09/2021","19","0.050","1"
"Pisticci","p-Xilene","µg/m≥","10/09/2021","20","0.120","1"
"Pisticci","p-Xilene","µg/m≥","10/09/2021","21","0.250","1"
"Pisticci","p-Xilene","µg/m≥","10/09/2021","22","0.110","1"
"Pisticci","p-Xilene","µg/m≥","10/09/2021","23","0.170","1"
"Pisticci","p-Xilene","µg/m≥","10/09/2021","24","0.270","1"
"Pisticci","p-Xilene","µg/m≥","11/09/2021","01","0.180","1"
"Pisticci","p-Xilene","µg/m≥","11/09/2021","02","0.040","1"
"Pisticci","p-Xilene","µg/m≥","11/09/2021","03","0.150","1"
"Pisticci","p-Xilene","µg/m≥","11/09/2021","04","0.130","1"
"Pisticci","p-Xilene","µg/m≥","11/09/2021","05","0.070","1"
"Pisticci","p-Xilene","µg/m≥","11/09/2021","06","0.020","1"
"Pisticci","p-Xilene","µg/m≥","11/09/2021","07","0.020","1"
"Pisticci","p-Xilene","µg/m≥","11/09/2021","08","0.050","1"
"Pisticci","p-Xilene","µg/m≥","11/09/2021","09","0.030","1"
"Pisticci","p-Xilene","µg/m≥","11/09/2021","10","0.090","1"
"Pisticci","p-Xilene","µg/m≥","11/09/2021","11","0.140","1"
"Pisticci","p-Xilene","µg/m≥","11/09/2021","12","0.100","1"
"Pisticci","p-Xilene","µg/m≥","11/09/2021","13","0.040","1"
"Pisticci","p-Xilene","µg/m≥","11/09/2021","14","0.140","1"
"Pisticci","p-Xilene","µg/m≥","11/09/2021","15","0.040","1"
"Pisticci","p-Xilene","µg/m≥","11/09/2021","16","0.040","1"
"Pisticci","p-Xilene","µg/m≥","11/09/2021","17","0.180","1"
"Pisticci","p-Xilene","µg/m≥","11/09/2021","18","0.050","1"
"Pisticci","p-Xilene","µg/m≥","11/09/2021","19","0.100","1"
"Pisticci","p-Xilene","µg/m≥","11/09/2021","20","0.080","1"
"Pisticci","p-Xilene","µg/m≥","11/09/2021","21","0.050","1"
"Pisticci","p-Xilene","µg/m≥","11/09/2021","22","0.020","1"
"Pisticci","p-Xilene","µg/m≥","11/09/2021","23","0.020","1"
"Pisticci","p-Xilene","µg/m≥","11/09/2021","24","0.040","1"
"Pisticci","p-Xilene","µg/m≥","12/09/2021","01","0.050","1"
"Pisticci","p-Xilene","µg/m≥","12/09/2021","02","0.030","1"
"Pisticci","p-Xilene","µg/m≥","12/09/2021","03","0.060","1"
"Pisticci","p-Xilene","µg/m≥","12/09/2021","04","0.020","1"
"Pisticci","p-Xilene","µg/m≥","12/09/2021","05","0.040","1"
"Pisticci","p-Xilene","µg/m≥","12/09/2021","06","0.030","1"
"Pisticci","p-Xilene","µg/m≥","12/09/2021","07","0.030","1"
"Pisticci","p-Xilene","µg/m≥","12/09/2021","08","0.020","1"
"Pisticci","p-Xilene","µg/m≥","12/09/2021","09","0.020","1"
"Pisticci","p-Xilene","µg/m≥","12/09/2021","10","0.030","1"
"Pisticci","p-Xilene","µg/m≥","12/09/2021","11","0.020","1"
"Pisticci","p-Xilene","µg/m≥","12/09/2021","12","0.030","1"
"Pisticci","p-Xilene","µg/m≥","12/09/2021","13","0.170","1"
"Pisticci","p-Xilene","µg/m≥","12/09/2021","14","0.060","1"
"Pisticci","p-Xilene","µg/m≥","12/09/2021","15","0.160","1"
"Pisticci","p-Xilene","µg/m≥","12/09/2021","16","0.240","1"
"Pisticci","p-Xilene","µg/m≥","12/09/2021","17","0.180","1"
"Pisticci","p-Xilene","µg/m≥","12/09/2021","18","0.250","1"
"Pisticci","p-Xilene","µg/m≥","12/09/2021","19","0.470","1"
"Pisticci","p-Xilene","µg/m≥","12/09/2021","20","0.280","1"
"Pisticci","p-Xilene","µg/m≥","12/09/2021","21","0.100","1"
"Pisticci","p-Xilene","µg/m≥","12/09/2021","22","0.110","1"
"Pisticci","p-Xilene","µg/m≥","12/09/2021","23","0.100","1"
"Pisticci","p-Xilene","µg/m≥","12/09/2021","24","0.040","1"
"Pisticci","p-Xilene","µg/m≥","13/09/2021","01","0.060","1"
"Pisticci","p-Xilene","µg/m≥","13/09/2021","02","0.040","1"
"Pisticci","p-Xilene","µg/m≥","13/09/2021","03","0.020","1"
"Pisticci","p-Xilene","µg/m≥","13/09/2021","04","0.040","1"
"Pisticci","p-Xilene","µg/m≥","13/09/2021","05","0.020","1"
"Pisticci","p-Xilene","µg/m≥","13/09/2021","06","0.070","1"
"Pisticci","p-Xilene","µg/m≥","13/09/2021","07","0.050","1"
"Pisticci","p-Xilene","µg/m≥","13/09/2021","08","0.020","1"
"Pisticci","p-Xilene","µg/m≥","13/09/2021","09","-9999","-1"
"Pisticci","p-Xilene","µg/m≥","13/09/2021","10","-9999","-1"
"Pisticci","p-Xilene","µg/m≥","13/09/2021","11","-9999","-1"
"Pisticci","p-Xilene","µg/m≥","13/09/2021","12","-9999","-1"
"Pisticci","p-Xilene","µg/m≥","13/09/2021","13","3.730","-1"
"Pisticci","p-Xilene","µg/m≥","13/09/2021","14","0.300","-1"
"Pisticci","p-Xilene","µg/m≥","13/09/2021","15","0.620","1"
"Pisticci","p-Xilene","µg/m≥","13/09/2021","16","0.630","1"
"Pisticci","p-Xilene","µg/m≥","13/09/2021","17","0.040","1"
"Pisticci","p-Xilene","µg/m≥","13/09/2021","18","0.250","1"
"Pisticci","p-Xilene","µg/m≥","13/09/2021","19","0.840","1"
"Pisticci","p-Xilene","µg/m≥","13/09/2021","20","0.470","1"
"Pisticci","p-Xilene","µg/m≥","13/09/2021","21","0.420","1"
"Pisticci","p-Xilene","µg/m≥","13/09/2021","22","0.060","1"
"Pisticci","p-Xilene","µg/m≥","13/09/2021","23","0.220","1"
"Pisticci","p-Xilene","µg/m≥","13/09/2021","24","0.080","1"
"Pisticci","p-Xilene","µg/m≥","14/09/2021","01","0.250","1"
"Pisticci","p-Xilene","µg/m≥","14/09/2021","02","0.070","1"
"Pisticci","p-Xilene","µg/m≥","14/09/2021","03","0.130","1"
"Pisticci","p-Xilene","µg/m≥","14/09/2021","04","0.130","1"
"Pisticci","p-Xilene","µg/m≥","14/09/2021","05","0.130","1"
"Pisticci","p-Xilene","µg/m≥","14/09/2021","06","0.060","1"
"Pisticci","p-Xilene","µg/m≥","14/09/2021","07","0.080","1"
"Pisticci","p-Xilene","µg/m≥","14/09/2021","08","0.120","1"
"Pisticci","p-Xilene","µg/m≥","14/09/2021","09","0.040","1"
"Pisticci","p-Xilene","µg/m≥","14/09/2021","10","0.580","1"
"Pisticci","p-Xilene","µg/m≥","14/09/2021","11","0.810","1"
"Pisticci","p-Xilene","µg/m≥","14/09/2021","12","0.700","1"
"Pisticci","p-Xilene","µg/m≥","14/09/2021","13","0.250","1"
"Pisticci","p-Xilene","µg/m≥","14/09/2021","14","0.380","1"
"Pisticci","p-Xilene","µg/m≥","14/09/2021","15","0.510","1"
"Pisticci","p-Xilene","µg/m≥","14/09/2021","16","0.080","1"
"Pisticci","p-Xilene","µg/m≥","14/09/2021","17","0.040","1"
"Pisticci","p-Xilene","µg/m≥","14/09/2021","18","0.040","1"
"Pisticci","p-Xilene","µg/m≥","14/09/2021","19","0.070","1"
"Pisticci","p-Xilene","µg/m≥","14/09/2021","20","0.050","1"
"Pisticci","p-Xilene","µg/m≥","14/09/2021","21","0.050","1"
"Pisticci","p-Xilene","µg/m≥","14/09/2021","22","0.060","1"
"Pisticci","p-Xilene","µg/m≥","14/09/2021","23","0.060","1"
"Pisticci","p-Xilene","µg/m≥","14/09/2021","24","0.040","1"
"Pisticci","p-Xilene","µg/m≥","15/09/2021","01","0.080","1"
"Pisticci","p-Xilene","µg/m≥","15/09/2021","02","0.110","1"
"Pisticci","p-Xilene","µg/m≥","15/09/2021","03","0.150","1"
"Pisticci","p-Xilene","µg/m≥","15/09/2021","04","0.150","1"
"Pisticci","p-Xilene","µg/m≥","15/09/2021","05","0.100","1"
"Pisticci","p-Xilene","µg/m≥","15/09/2021","06","0.090","1"
"Pisticci","p-Xilene","µg/m≥","15/09/2021","07","0.060","1"
"Pisticci","p-Xilene","µg/m≥","15/09/2021","08","0.130","1"
"Pisticci","p-Xilene","µg/m≥","15/09/2021","09","0.140","1"
"Pisticci","p-Xilene","µg/m≥","15/09/2021","10","0.110","1"
"Pisticci","p-Xilene","µg/m≥","15/09/2021","11","0.140","1"
"Pisticci","p-Xilene","µg/m≥","15/09/2021","12","0.040","1"
"Pisticci","p-Xilene","µg/m≥","15/09/2021","13","0.070","1"
"Pisticci","p-Xilene","µg/m≥","15/09/2021","14","0.050","1"
"Pisticci","p-Xilene","µg/m≥","15/09/2021","15","0.040","1"
"Pisticci","p-Xilene","µg/m≥","15/09/2021","16","0.050","1"
"Pisticci","p-Xilene","µg/m≥","15/09/2021","17","0.100","1"
"Pisticci","p-Xilene","µg/m≥","15/09/2021","18","0.040","1"
"Pisticci","p-Xilene","µg/m≥","15/09/2021","19","0.050","1"
"Pisticci","p-Xilene","µg/m≥","15/09/2021","20","0.180","1"
"Pisticci","p-Xilene","µg/m≥","15/09/2021","21","0.040","1"
"Pisticci","p-Xilene","µg/m≥","15/09/2021","22","0.060","1"
"Pisticci","p-Xilene","µg/m≥","15/09/2021","23","0.130","1"
"Pisticci","p-Xilene","µg/m≥","15/09/2021","24","0.080","1"
"Pisticci","p-Xilene","µg/m≥","16/09/2021","01","0.200","1"
"Pisticci","p-Xilene","µg/m≥","16/09/2021","02","0.100","1"
"Pisticci","p-Xilene","µg/m≥","16/09/2021","03","0.070","1"
"Pisticci","p-Xilene","µg/m≥","16/09/2021","04","0.090","1"
"Pisticci","p-Xilene","µg/m≥","16/09/2021","05","0.070","1"
"Pisticci","p-Xilene","µg/m≥","16/09/2021","06","0.090","1"
"Pisticci","p-Xilene","µg/m≥","16/09/2021","07","0.080","1"
"Pisticci","p-Xilene","µg/m≥","16/09/2021","08","0.690","1"
"Pisticci","p-Xilene","µg/m≥","16/09/2021","09","0.960","1"
"Pisticci","p-Xilene","µg/m≥","16/09/2021","10","0.380","1"
"Pisticci","p-Xilene","µg/m≥","16/09/2021","11","0.090","1"
"Pisticci","p-Xilene","µg/m≥","16/09/2021","12","0.150","1"
"Pisticci","p-Xilene","µg/m≥","16/09/2021","13","0.050","1"
"Pisticci","p-Xilene","µg/m≥","16/09/2021","14","0.050","1"
"Pisticci","p-Xilene","µg/m≥","16/09/2021","15","0.040","1"
"Pisticci","p-Xilene","µg/m≥","16/09/2021","16","0.040","1"
"Pisticci","p-Xilene","µg/m≥","16/09/2021","17","0.050","1"
"Pisticci","p-Xilene","µg/m≥","16/09/2021","18","0.040","1"
"Pisticci","p-Xilene","µg/m≥","16/09/2021","19","0.070","1"
"Pisticci","p-Xilene","µg/m≥","16/09/2021","20","0.060","1"
"Pisticci","p-Xilene","µg/m≥","16/09/2021","21","0.060","1"
"Pisticci","p-Xilene","µg/m≥","16/09/2021","22","0.140","1"
"Pisticci","p-Xilene","µg/m≥","16/09/2021","23","0.060","1"
"Pisticci","p-Xilene","µg/m≥","16/09/2021","24","0.100","1"
"Pisticci","p-Xilene","µg/m≥","17/09/2021","01","0.070","1"
"Pisticci","p-Xilene","µg/m≥","17/09/2021","02","0.070","1"
"Pisticci","p-Xilene","µg/m≥","17/09/2021","03","0.030","1"
"Pisticci","p-Xilene","µg/m≥","17/09/2021","04","0.060","1"
"Pisticci","p-Xilene","µg/m≥","17/09/2021","05","0.250","1"
"Pisticci","p-Xilene","µg/m≥","17/09/2021","06","0.280","1"
"Pisticci","p-Xilene","µg/m≥","17/09/2021","07","0.510","1"
"Pisticci","p-Xilene","µg/m≥","17/09/2021","08","0.470","1"
"Pisticci","p-Xilene","µg/m≥","17/09/2021","09","0.410","1"
"Pisticci","p-Xilene","µg/m≥","17/09/2021","10","0.300","1"
"Pisticci","p-Xilene","µg/m≥","17/09/2021","11","0.160","1"
"Pisticci","p-Xilene","µg/m≥","17/09/2021","12","0.080","1"
"Pisticci","p-Xilene","µg/m≥","17/09/2021","13","0.070","1"
"Pisticci","p-Xilene","µg/m≥","17/09/2021","14","0.050","1"
"Pisticci","p-Xilene","µg/m≥","17/09/2021","15","0.030","1"
"Pisticci","p-Xilene","µg/m≥","17/09/2021","16","0.030","1"
"Pisticci","p-Xilene","µg/m≥","17/09/2021","17","0.060","1"
"Pisticci","p-Xilene","µg/m≥","17/09/2021","18","0.060","1"
"Pisticci","p-Xilene","µg/m≥","17/09/2021","19","0.090","1"
"Pisticci","p-Xilene","µg/m≥","17/09/2021","20","0.060","1"
"Pisticci","p-Xilene","µg/m≥","17/09/2021","21","0.230","1"
"Pisticci","p-Xilene","µg/m≥","17/09/2021","22","0.180","1"
"Pisticci","p-Xilene","µg/m≥","17/09/2021","23","0.170","1"
"Pisticci","p-Xilene","µg/m≥","17/09/2021","24","0.150","1"
"Pisticci","p-Xilene","µg/m≥","18/09/2021","01","0.140","1"
"Pisticci","p-Xilene","µg/m≥","18/09/2021","02","0.150","1"
"Pisticci","p-Xilene","µg/m≥","18/09/2021","03","0.150","1"
"Pisticci","p-Xilene","µg/m≥","18/09/2021","04","0.080","1"
"Pisticci","p-Xilene","µg/m≥","18/09/2021","05","0.190","1"
"Pisticci","p-Xilene","µg/m≥","18/09/2021","06","0.170","1"
"Pisticci","p-Xilene","µg/m≥","18/09/2021","07","0.100","1"
"Pisticci","p-Xilene","µg/m≥","18/09/2021","08","0.230","1"
"Pisticci","p-Xilene","µg/m≥","18/09/2021","09","0.220","1"
"Pisticci","p-Xilene","µg/m≥","18/09/2021","10","0.140","1"
"Pisticci","p-Xilene","µg/m≥","18/09/2021","11","0.220","1"
"Pisticci","p-Xilene","µg/m≥","18/09/2021","12","0.230","1"
"Pisticci","p-Xilene","µg/m≥","18/09/2021","13","0.440","1"
"Pisticci","p-Xilene","µg/m≥","18/09/2021","14","0.140","1"
"Pisticci","p-Xilene","µg/m≥","18/09/2021","15","0.020","1"
"Pisticci","p-Xilene","µg/m≥","18/09/2021","16","0.040","1"
"Pisticci","p-Xilene","µg/m≥","18/09/2021","17","0.030","1"
"Pisticci","p-Xilene","µg/m≥","18/09/2021","18","0.060","1"
"Pisticci","p-Xilene","µg/m≥","18/09/2021","19","0.060","1"
"Pisticci","p-Xilene","µg/m≥","18/09/2021","20","0.130","1"
"Pisticci","p-Xilene","µg/m≥","18/09/2021","21","0.120","1"
"Pisticci","p-Xilene","µg/m≥","18/09/2021","22","0.080","1"
"Pisticci","p-Xilene","µg/m≥","18/09/2021","23","0.110","1"
"Pisticci","p-Xilene","µg/m≥","18/09/2021","24","0.130","1"
"Pisticci","p-Xilene","µg/m≥","19/09/2021","01","0.210","1"
"Pisticci","p-Xilene","µg/m≥","19/09/2021","02","0.180","1"
"Pisticci","p-Xilene","µg/m≥","19/09/2021","03","0.210","1"
"Pisticci","p-Xilene","µg/m≥","19/09/2021","04","0.220","1"
"Pisticci","p-Xilene","µg/m≥","19/09/2021","05","0.190","1"
"Pisticci","p-Xilene","µg/m≥","19/09/2021","06","0.080","1"
"Pisticci","p-Xilene","µg/m≥","19/09/2021","07","0.190","1"
"Pisticci","p-Xilene","µg/m≥","19/09/2021","08","0.170","1"
"Pisticci","p-Xilene","µg/m≥","19/09/2021","09","0.140","1"
"Pisticci","p-Xilene","µg/m≥","19/09/2021","10","0.380","1"
"Pisticci","p-Xilene","µg/m≥","19/09/2021","11","0.050","1"
"Pisticci","p-Xilene","µg/m≥","19/09/2021","12","0.090","1"
"Pisticci","p-Xilene","µg/m≥","19/09/2021","13","0.530","1"
"Pisticci","p-Xilene","µg/m≥","19/09/2021","14","0.270","1"
"Pisticci","p-Xilene","µg/m≥","19/09/2021","15","0.060","1"
"Pisticci","p-Xilene","µg/m≥","19/09/2021","16","0.040","1"
"Pisticci","p-Xilene","µg/m≥","19/09/2021","17","0.020","1"
"Pisticci","p-Xilene","µg/m≥","19/09/2021","18","0.030","1"
"Pisticci","p-Xilene","µg/m≥","19/09/2021","19","0.020","1"
"Pisticci","p-Xilene","µg/m≥","19/09/2021","20","0.050","1"
"Pisticci","p-Xilene","µg/m≥","19/09/2021","21","0.260","1"
"Pisticci","p-Xilene","µg/m≥","19/09/2021","22","0.130","1"
"Pisticci","p-Xilene","µg/m≥","19/09/2021","23","0.080","1"
"Pisticci","p-Xilene","µg/m≥","19/09/2021","24","0.060","1"
"Pisticci","p-Xilene","µg/m≥","20/09/2021","01","0.040","1"
"Pisticci","p-Xilene","µg/m≥","20/09/2021","02","0.030","1"
"Pisticci","p-Xilene","µg/m≥","20/09/2021","03","0.080","1"
"Pisticci","p-Xilene","µg/m≥","20/09/2021","04","0.060","1"
"Pisticci","p-Xilene","µg/m≥","20/09/2021","05","0.060","1"
"Pisticci","p-Xilene","µg/m≥","20/09/2021","06","0.010","1"
"Pisticci","p-Xilene","µg/m≥","20/09/2021","07","0.050","1"
"Pisticci","p-Xilene","µg/m≥","20/09/2021","08","0.120","1"
"Pisticci","p-Xilene","µg/m≥","20/09/2021","09","0.040","1"
"Pisticci","p-Xilene","µg/m≥","20/09/2021","10","0.010","1"
"Pisticci","p-Xilene","µg/m≥","20/09/2021","11","0.040","1"
"Pisticci","p-Xilene","µg/m≥","20/09/2021","12","0.020","1"
"Pisticci","p-Xilene","µg/m≥","20/09/2021","13","0.010","1"
"Pisticci","p-Xilene","µg/m≥","20/09/2021","14","0.040","1"
"Pisticci","p-Xilene","µg/m≥","20/09/2021","15","0.030","1"
"Pisticci","p-Xilene","µg/m≥","20/09/2021","16","0.080","1"
"Pisticci","p-Xilene","µg/m≥","20/09/2021","17","0.010","1"
"Pisticci","p-Xilene","µg/m≥","20/09/2021","18","0.020","1"
"Pisticci","p-Xilene","µg/m≥","20/09/2021","19","0.040","1"
"Pisticci","p-Xilene","µg/m≥","20/09/2021","20","0.090","1"
"Pisticci","p-Xilene","µg/m≥","20/09/2021","21","0.080","1"
"Pisticci","p-Xilene","µg/m≥","20/09/2021","22","0.060","1"
"Pisticci","p-Xilene","µg/m≥","20/09/2021","23","0.090","1"
"Pisticci","p-Xilene","µg/m≥","20/09/2021","24","0.150","1"
"Pisticci","p-Xilene","µg/m≥","21/09/2021","01","0.160","1"
"Pisticci","p-Xilene","µg/m≥","21/09/2021","02","0.190","1"
"Pisticci","p-Xilene","µg/m≥","21/09/2021","03","0.160","1"
"Pisticci","p-Xilene","µg/m≥","21/09/2021","04","0.120","1"
"Pisticci","p-Xilene","µg/m≥","21/09/2021","05","0.100","1"
"Pisticci","p-Xilene","µg/m≥","21/09/2021","06","0.110","1"
"Pisticci","p-Xilene","µg/m≥","21/09/2021","07","0.160","1"
"Pisticci","p-Xilene","µg/m≥","21/09/2021","08","0.270","1"
"Pisticci","p-Xilene","µg/m≥","21/09/2021","09","0.230","1"
"Pisticci","p-Xilene","µg/m≥","21/09/2021","10","0.140","1"
"Pisticci","p-Xilene","µg/m≥","21/09/2021","11","0.050","1"
"Pisticci","p-Xilene","µg/m≥","21/09/2021","12","0.040","1"
"Pisticci","p-Xilene","µg/m≥","21/09/2021","13","0.020","1"
"Pisticci","p-Xilene","µg/m≥","21/09/2021","14","0.030","1"
"Pisticci","p-Xilene","µg/m≥","21/09/2021","15","0.020","1"
"Pisticci","p-Xilene","µg/m≥","21/09/2021","16","0.010","1"
"Pisticci","p-Xilene","µg/m≥","21/09/2021","17","0.100","1"
"Pisticci","p-Xilene","µg/m≥","21/09/2021","18","0.180","1"
"Pisticci","p-Xilene","µg/m≥","21/09/2021","19","0.100","1"
"Pisticci","p-Xilene","µg/m≥","21/09/2021","20","0.180","1"
"Pisticci","p-Xilene","µg/m≥","21/09/2021","21","0.030","1"
"Pisticci","p-Xilene","µg/m≥","21/09/2021","22","0.090","1"
"Pisticci","p-Xilene","µg/m≥","21/09/2021","23","0.140","1"
"Pisticci","p-Xilene","µg/m≥","21/09/2021","24","0.140","1"
"Pisticci","p-Xilene","µg/m≥","22/09/2021","01","0.130","1"
"Pisticci","p-Xilene","µg/m≥","22/09/2021","02","0.140","1"
"Pisticci","p-Xilene","µg/m≥","22/09/2021","03","0.170","1"
"Pisticci","p-Xilene","µg/m≥","22/09/2021","04","0.080","1"
"Pisticci","p-Xilene","µg/m≥","22/09/2021","05","0.050","1"
"Pisticci","p-Xilene","µg/m≥","22/09/2021","06","0.070","1"
"Pisticci","p-Xilene","µg/m≥","22/09/2021","07","0.020","1"
"Pisticci","p-Xilene","µg/m≥","22/09/2021","08","0.140","1"
"Pisticci","p-Xilene","µg/m≥","22/09/2021","09","0.200","1"
"Pisticci","p-Xilene","µg/m≥","22/09/2021","10","0.210","1"
"Pisticci","p-Xilene","µg/m≥","22/09/2021","11","0.100","1"
"Pisticci","p-Xilene","µg/m≥","22/09/2021","12","0.200","1"
"Pisticci","p-Xilene","µg/m≥","22/09/2021","13","0.110","1"
"Pisticci","p-Xilene","µg/m≥","22/09/2021","14","0.120","1"
"Pisticci","p-Xilene","µg/m≥","22/09/2021","15","0.040","1"
"Pisticci","p-Xilene","µg/m≥","22/09/2021","16","0.070","1"
"Pisticci","p-Xilene","µg/m≥","22/09/2021","17","0.110","1"
"Pisticci","p-Xilene","µg/m≥","22/09/2021","18","0.050","1"
"Pisticci","p-Xilene","µg/m≥","22/09/2021","19","0.060","1"
"Pisticci","p-Xilene","µg/m≥","22/09/2021","20","0.090","1"
"Pisticci","p-Xilene","µg/m≥","22/09/2021","21","0.110","1"
"Pisticci","p-Xilene","µg/m≥","22/09/2021","22","0.140","1"
"Pisticci","p-Xilene","µg/m≥","22/09/2021","23","0.080","1"
"Pisticci","p-Xilene","µg/m≥","22/09/2021","24","0.130","1"
"Pisticci","p-Xilene","µg/m≥","23/09/2021","01","0.070","1"
"Pisticci","p-Xilene","µg/m≥","23/09/2021","02","0.130","1"
"Pisticci","p-Xilene","µg/m≥","23/09/2021","03","0.120","1"
"Pisticci","p-Xilene","µg/m≥","23/09/2021","04","0.110","1"
"Pisticci","p-Xilene","µg/m≥","23/09/2021","05","0.100","1"
"Pisticci","p-Xilene","µg/m≥","23/09/2021","06","0.070","1"
"Pisticci","p-Xilene","µg/m≥","23/09/2021","07","0.140","1"
"Pisticci","p-Xilene","µg/m≥","23/09/2021","08","0.080","1"
"Pisticci","p-Xilene","µg/m≥","23/09/2021","09","0.200","1"
"Pisticci","p-Xilene","µg/m≥","23/09/2021","10","0.120","1"
"Pisticci","p-Xilene","µg/m≥","23/09/2021","11","0.170","1"
"Pisticci","p-Xilene","µg/m≥","23/09/2021","12","0.140","1"
"Pisticci","p-Xilene","µg/m≥","23/09/2021","13","0.070","1"
"Pisticci","p-Xilene","µg/m≥","23/09/2021","14","0.020","1"
"Pisticci","p-Xilene","µg/m≥","23/09/2021","15","0.080","1"
"Pisticci","p-Xilene","µg/m≥","23/09/2021","16","0.100","1"
"Pisticci","p-Xilene","µg/m≥","23/09/2021","17","0.040","1"
"Pisticci","p-Xilene","µg/m≥","23/09/2021","18","0.160","1"
"Pisticci","p-Xilene","µg/m≥","23/09/2021","19","0.170","1"
"Pisticci","p-Xilene","µg/m≥","23/09/2021","20","0.110","1"
"Pisticci","p-Xilene","µg/m≥","23/09/2021","21","0.150","1"
"Pisticci","p-Xilene","µg/m≥","23/09/2021","22","0.220","1"
"Pisticci","p-Xilene","µg/m≥","23/09/2021","23","0.250","1"
"Pisticci","p-Xilene","µg/m≥","23/09/2021","24","0.220","1"
"Pisticci","p-Xilene","µg/m≥","24/09/2021","01","0.190","1"
"Pisticci","p-Xilene","µg/m≥","24/09/2021","02","0.160","1"
"Pisticci","p-Xilene","µg/m≥","24/09/2021","03","0.140","1"
"Pisticci","p-Xilene","µg/m≥","24/09/2021","04","0.190","1"
"Pisticci","p-Xilene","µg/m≥","24/09/2021","05","0.100","1"
"Pisticci","p-Xilene","µg/m≥","24/09/2021","06","0.180","1"
"Pisticci","p-Xilene","µg/m≥","24/09/2021","07","0.140","1"
"Pisticci","p-Xilene","µg/m≥","24/09/2021","08","0.380","1"
"Pisticci","p-Xilene","µg/m≥","24/09/2021","09","0.360","1"
"Pisticci","p-Xilene","µg/m≥","24/09/2021","10","0.350","1"
"Pisticci","p-Xilene","µg/m≥","24/09/2021","11","0.300","1"
"Pisticci","p-Xilene","µg/m≥","24/09/2021","12","0.200","1"
"Pisticci","p-Xilene","µg/m≥","24/09/2021","13","0.060","1"
"Pisticci","p-Xilene","µg/m≥","24/09/2021","14","0.060","1"
"Pisticci","p-Xilene","µg/m≥","24/09/2021","15","0.020","1"
"Pisticci","p-Xilene","µg/m≥","24/09/2021","16","0.060","1"
"Pisticci","p-Xilene","µg/m≥","24/09/2021","17","0.240","1"
"Pisticci","p-Xilene","µg/m≥","24/09/2021","18","0.160","1"
"Pisticci","p-Xilene","µg/m≥","24/09/2021","19","0.210","1"
"Pisticci","p-Xilene","µg/m≥","24/09/2021","20","0.130","1"
"Pisticci","p-Xilene","µg/m≥","24/09/2021","21","0.040","1"
"Pisticci","p-Xilene","µg/m≥","24/09/2021","22","0.060","1"
"Pisticci","p-Xilene","µg/m≥","24/09/2021","23","0.100","1"
"Pisticci","p-Xilene","µg/m≥","24/09/2021","24","0.080","1"
"Pisticci","p-Xilene","µg/m≥","25/09/2021","01","0.080","1"
"Pisticci","p-Xilene","µg/m≥","25/09/2021","02","0.190","1"
"Pisticci","p-Xilene","µg/m≥","25/09/2021","03","0.160","1"
"Pisticci","p-Xilene","µg/m≥","25/09/2021","04","0.100","1"
"Pisticci","p-Xilene","µg/m≥","25/09/2021","05","0.100","1"
"Pisticci","p-Xilene","µg/m≥","25/09/2021","06","0.110","1"
"Pisticci","p-Xilene","µg/m≥","25/09/2021","07","0.130","1"
"Pisticci","p-Xilene","µg/m≥","25/09/2021","08","0.050","1"
"Pisticci","p-Xilene","µg/m≥","25/09/2021","09","0.120","1"
"Pisticci","p-Xilene","µg/m≥","25/09/2021","10","0.340","1"
"Pisticci","p-Xilene","µg/m≥","25/09/2021","11","0.050","1"
"Pisticci","p-Xilene","µg/m≥","25/09/2021","12","0.030","1"
"Pisticci","p-Xilene","µg/m≥","25/09/2021","13","0.030","1"
"Pisticci","p-Xilene","µg/m≥","25/09/2021","14","0.050","1"
"Pisticci","p-Xilene","µg/m≥","25/09/2021","15","0.060","1"
"Pisticci","p-Xilene","µg/m≥","25/09/2021","16","0.020","1"
"Pisticci","p-Xilene","µg/m≥","25/09/2021","17","0.050","1"
"Pisticci","p-Xilene","µg/m≥","25/09/2021","18","0.020","1"
"Pisticci","p-Xilene","µg/m≥","25/09/2021","19","0.090","1"
"Pisticci","p-Xilene","µg/m≥","25/09/2021","20","0.260","1"
"Pisticci","p-Xilene","µg/m≥","25/09/2021","21","0.120","1"
"Pisticci","p-Xilene","µg/m≥","25/09/2021","22","0.060","1"
"Pisticci","p-Xilene","µg/m≥","25/09/2021","23","0.090","1"
"Pisticci","p-Xilene","µg/m≥","25/09/2021","24","0.200","1"
"Pisticci","p-Xilene","µg/m≥","26/09/2021","01","0.070","1"
"Pisticci","p-Xilene","µg/m≥","26/09/2021","02","0.090","1"
"Pisticci","p-Xilene","µg/m≥","26/09/2021","03","0.190","1"
"Pisticci","p-Xilene","µg/m≥","26/09/2021","04","0.060","1"
"Pisticci","p-Xilene","µg/m≥","26/09/2021","05","0.070","1"
"Pisticci","p-Xilene","µg/m≥","26/09/2021","06","0.110","1"
"Pisticci","p-Xilene","µg/m≥","26/09/2021","07","0.040","1"
"Pisticci","p-Xilene","µg/m≥","26/09/2021","08","0.110","1"
"Pisticci","p-Xilene","µg/m≥","26/09/2021","09","0.090","1"
"Pisticci","p-Xilene","µg/m≥","26/09/2021","10","0.110","1"
"Pisticci","p-Xilene","µg/m≥","26/09/2021","11","0.070","1"
"Pisticci","p-Xilene","µg/m≥","26/09/2021","12","0.080","1"
"Pisticci","p-Xilene","µg/m≥","26/09/2021","13","0.060","1"
"Pisticci","p-Xilene","µg/m≥","26/09/2021","14","0.040","1"
"Pisticci","p-Xilene","µg/m≥","26/09/2021","15","0.020","1"
"Pisticci","p-Xilene","µg/m≥","26/09/2021","16","0.020","1"
"Pisticci","p-Xilene","µg/m≥","26/09/2021","17","0.020","1"
"Pisticci","p-Xilene","µg/m≥","26/09/2021","18","0.020","1"
"Pisticci","p-Xilene","µg/m≥","26/09/2021","19","0.020","1"
"Pisticci","p-Xilene","µg/m≥","26/09/2021","20","0.040","1"
"Pisticci","p-Xilene","µg/m≥","26/09/2021","21","0.050","1"
"Pisticci","p-Xilene","µg/m≥","26/09/2021","22","0.150","1"
"Pisticci","p-Xilene","µg/m≥","26/09/2021","23","0.110","1"
"Pisticci","p-Xilene","µg/m≥","26/09/2021","24","0.320","1"
"Pisticci","p-Xilene","µg/m≥","27/09/2021","01","0.140","1"
"Pisticci","p-Xilene","µg/m≥","27/09/2021","02","0.090","1"
"Pisticci","p-Xilene","µg/m≥","27/09/2021","03","0.130","1"
"Pisticci","p-Xilene","µg/m≥","27/09/2021","04","0.160","1"
"Pisticci","p-Xilene","µg/m≥","27/09/2021","05","0.090","1"
"Pisticci","p-Xilene","µg/m≥","27/09/2021","06","0.120","1"
"Pisticci","p-Xilene","µg/m≥","27/09/2021","07","0.050","1"
"Pisticci","p-Xilene","µg/m≥","27/09/2021","08","0.200","1"
"Pisticci","p-Xilene","µg/m≥","27/09/2021","09","0.140","1"
"Pisticci","p-Xilene","µg/m≥","27/09/2021","10","0.080","1"
"Pisticci","p-Xilene","µg/m≥","27/09/2021","11","0.070","1"
"Pisticci","p-Xilene","µg/m≥","27/09/2021","12","0.050","1"
"Pisticci","p-Xilene","µg/m≥","27/09/2021","13","0.320","1"
"Pisticci","p-Xilene","µg/m≥","27/09/2021","14","0.180","1"
"Pisticci","p-Xilene","µg/m≥","27/09/2021","15","0.070","1"
"Pisticci","p-Xilene","µg/m≥","27/09/2021","16","0.040","1"
"Pisticci","p-Xilene","µg/m≥","27/09/2021","17","0.070","1"
"Pisticci","p-Xilene","µg/m≥","27/09/2021","18","0.100","1"
"Pisticci","p-Xilene","µg/m≥","27/09/2021","19","0.140","1"
"Pisticci","p-Xilene","µg/m≥","27/09/2021","20","0.380","1"
"Pisticci","p-Xilene","µg/m≥","27/09/2021","21","0.060","1"
"Pisticci","p-Xilene","µg/m≥","27/09/2021","22","0.060","1"
"Pisticci","p-Xilene","µg/m≥","27/09/2021","23","0.110","1"
"Pisticci","p-Xilene","µg/m≥","27/09/2021","24","0.130","1"
"Pisticci","p-Xilene","µg/m≥","28/09/2021","01","0.260","1"
"Pisticci","p-Xilene","µg/m≥","28/09/2021","02","0.060","1"
"Pisticci","p-Xilene","µg/m≥","28/09/2021","03","0.360","1"
"Pisticci","p-Xilene","µg/m≥","28/09/2021","04","0.080","1"
"Pisticci","p-Xilene","µg/m≥","28/09/2021","05","0.080","1"
"Pisticci","p-Xilene","µg/m≥","28/09/2021","06","0.100","1"
"Pisticci","p-Xilene","µg/m≥","28/09/2021","07","0.090","1"
"Pisticci","p-Xilene","µg/m≥","28/09/2021","08","0.070","1"
"Pisticci","p-Xilene","µg/m≥","28/09/2021","09","0.120","1"
"Pisticci","p-Xilene","µg/m≥","28/09/2021","10","0.220","1"
"Pisticci","p-Xilene","µg/m≥","28/09/2021","11","0.160","1"
"Pisticci","p-Xilene","µg/m≥","28/09/2021","12","0.140","1"
"Pisticci","p-Xilene","µg/m≥","28/09/2021","13","0.090","1"
"Pisticci","p-Xilene","µg/m≥","28/09/2021","14","0.120","1"
"Pisticci","p-Xilene","µg/m≥","28/09/2021","15","0.140","1"
"Pisticci","p-Xilene","µg/m≥","28/09/2021","16","0.180","1"
"Pisticci","p-Xilene","µg/m≥","28/09/2021","17","0.180","1"
"Pisticci","p-Xilene","µg/m≥","28/09/2021","18","0.070","1"
"Pisticci","p-Xilene","µg/m≥","28/09/2021","19","0.060","1"
"Pisticci","p-Xilene","µg/m≥","28/09/2021","20","0.080","1"
"Pisticci","p-Xilene","µg/m≥","28/09/2021","21","0.210","1"
"Pisticci","p-Xilene","µg/m≥","28/09/2021","22","0.080","1"
"Pisticci","p-Xilene","µg/m≥","28/09/2021","23","0.050","1"
"Pisticci","p-Xilene","µg/m≥","28/09/2021","24","0.100","1"
"Pisticci","p-Xilene","µg/m≥","29/09/2021","01","0.060","1"
"Pisticci","p-Xilene","µg/m≥","29/09/2021","02","0.080","1"
"Pisticci","p-Xilene","µg/m≥","29/09/2021","03","0.040","1"
"Pisticci","p-Xilene","µg/m≥","29/09/2021","04","0.070","1"
"Pisticci","p-Xilene","µg/m≥","29/09/2021","05","0.080","1"
"Pisticci","p-Xilene","µg/m≥","29/09/2021","06","0.090","1"
"Pisticci","p-Xilene","µg/m≥","29/09/2021","07","0.050","1"
"Pisticci","p-Xilene","µg/m≥","29/09/2021","08","0.090","1"
"Pisticci","p-Xilene","µg/m≥","29/09/2021","09","0.070","1"
"Pisticci","p-Xilene","µg/m≥","29/09/2021","10","0.040","1"
"Pisticci","p-Xilene","µg/m≥","29/09/2021","11","0.130","1"
"Pisticci","p-Xilene","µg/m≥","29/09/2021","12","0.240","1"
"Pisticci","p-Xilene","µg/m≥","29/09/2021","13","-9999","-1"
"Pisticci","p-Xilene","µg/m≥","29/09/2021","14","-9999","-1"
"Pisticci","p-Xilene","µg/m≥","29/09/2021","15","-9999","-1"
"Pisticci","p-Xilene","µg/m≥","29/09/2021","16","-9999","-1"
"Pisticci","p-Xilene","µg/m≥","29/09/2021","17","0.270","1"
"Pisticci","p-Xilene","µg/m≥","29/09/2021","18","0.120","1"
"Pisticci","p-Xilene","µg/m≥","29/09/2021","19","0.720","1"
"Pisticci","p-Xilene","µg/m≥","29/09/2021","20","0.220","1"
"Pisticci","p-Xilene","µg/m≥","29/09/2021","21","0.570","1"
"Pisticci","p-Xilene","µg/m≥","29/09/2021","22","0.110","1"
"Pisticci","p-Xilene","µg/m≥","29/09/2021","23","0.180","1"
"Pisticci","p-Xilene","µg/m≥","29/09/2021","24","0.380","1"
"Pisticci","p-Xilene","µg/m≥","30/09/2021","01","0.430","1"
"Pisticci","p-Xilene","µg/m≥","30/09/2021","02","0.420","1"
"Pisticci","p-Xilene","µg/m≥","30/09/2021","03","0.370","1"
"Pisticci","p-Xilene","µg/m≥","30/09/2021","04","0.190","1"
"Pisticci","p-Xilene","µg/m≥","30/09/2021","05","0.270","1"
"Pisticci","p-Xilene","µg/m≥","30/09/2021","06","0.570","1"
"Pisticci","p-Xilene","µg/m≥","30/09/2021","07","0.260","1"
"Pisticci","p-Xilene","µg/m≥","30/09/2021","08","0.170","1"
"Pisticci","p-Xilene","µg/m≥","30/09/2021","09","0.290","1"
"Pisticci","p-Xilene","µg/m≥","30/09/2021","10","0.250","1"
"Pisticci","p-Xilene","µg/m≥","30/09/2021","11","0.220","1"
"Pisticci","p-Xilene","µg/m≥","30/09/2021","12","0.170","1"
"Pisticci","p-Xilene","µg/m≥","30/09/2021","13","0.480","1"
"Pisticci","p-Xilene","µg/m≥","30/09/2021","14","0.320","1"
"Pisticci","p-Xilene","µg/m≥","30/09/2021","15","0.650","1"
"Pisticci","p-Xilene","µg/m≥","30/09/2021","16","0.470","1"
"Pisticci","p-Xilene","µg/m≥","30/09/2021","17","0.110","1"
"Pisticci","p-Xilene","µg/m≥","30/09/2021","18","0.100","1"
"Pisticci","p-Xilene","µg/m≥","30/09/2021","19","0.360","1"
"Pisticci","p-Xilene","µg/m≥","30/09/2021","20","0.120","1"
"Pisticci","p-Xilene","µg/m≥","30/09/2021","21","0.060","1"
"Pisticci","p-Xilene","µg/m≥","30/09/2021","22","0.470","1"
"Pisticci","p-Xilene","µg/m≥","30/09/2021","23","0.750","1"
"Pisticci","p-Xilene","µg/m≥","30/09/2021","24","1.250","1"
"Pisticci","p-Xilene","µg/m≥","01/10/2021","01","0.330","1"
"Pisticci","p-Xilene","µg/m≥","01/10/2021","02","0.590","1"
"Pisticci","p-Xilene","µg/m≥","01/10/2021","03","0.990","1"
"Pisticci","p-Xilene","µg/m≥","01/10/2021","04","0.690","1"
"Pisticci","p-Xilene","µg/m≥","01/10/2021","05","0.950","1"
"Pisticci","p-Xilene","µg/m≥","01/10/2021","06","0.150","1"
"Pisticci","p-Xilene","µg/m≥","01/10/2021","07","0.160","1"
"Pisticci","p-Xilene","µg/m≥","01/10/2021","08","0.050","1"
"Pisticci","p-Xilene","µg/m≥","01/10/2021","09","0.860","1"
"Pisticci","p-Xilene","µg/m≥","01/10/2021","10","1.020","1"
"Pisticci","p-Xilene","µg/m≥","01/10/2021","11","0.770","1"
"Pisticci","p-Xilene","µg/m≥","01/10/2021","12","0.320","1"
"Pisticci","p-Xilene","µg/m≥","01/10/2021","13","0.370","1"
"Pisticci","p-Xilene","µg/m≥","01/10/2021","14","0.290","1"
"Pisticci","p-Xilene","µg/m≥","01/10/2021","15","0.120","1"
"Pisticci","p-Xilene","µg/m≥","01/10/2021","16","0.140","1"
"Pisticci","p-Xilene","µg/m≥","01/10/2021","17","0.100","1"
"Pisticci","p-Xilene","µg/m≥","01/10/2021","18","0.130","1"
"Pisticci","p-Xilene","µg/m≥","01/10/2021","19","0.170","1"
"Pisticci","p-Xilene","µg/m≥","01/10/2021","20","0.070","1"
"Pisticci","p-Xilene","µg/m≥","01/10/2021","21","0.070","1"
"Pisticci","p-Xilene","µg/m≥","01/10/2021","22","0.170","1"
"Pisticci","p-Xilene","µg/m≥","01/10/2021","23","0.180","1"
"Pisticci","p-Xilene","µg/m≥","01/10/2021","24","0.220","1"
"Pisticci","p-Xilene","µg/m≥","02/10/2021","01","0.380","1"
"Pisticci","p-Xilene","µg/m≥","02/10/2021","02","0.260","1"
"Pisticci","p-Xilene","µg/m≥","02/10/2021","03","0.120","1"
"Pisticci","p-Xilene","µg/m≥","02/10/2021","04","0.210","1"
"Pisticci","p-Xilene","µg/m≥","02/10/2021","05","0.130","1"
"Pisticci","p-Xilene","µg/m≥","02/10/2021","06","0.130","1"
"Pisticci","p-Xilene","µg/m≥","02/10/2021","07","0.110","1"
"Pisticci","p-Xilene","µg/m≥","02/10/2021","08","0.150","1"
"Pisticci","p-Xilene","µg/m≥","02/10/2021","09","0.120","1"
"Pisticci","p-Xilene","µg/m≥","02/10/2021","10","0.170","1"
"Pisticci","p-Xilene","µg/m≥","02/10/2021","11","0.420","1"
"Pisticci","p-Xilene","µg/m≥","02/10/2021","12","0.190","1"
"Pisticci","p-Xilene","µg/m≥","02/10/2021","13","0.170","1"
"Pisticci","p-Xilene","µg/m≥","02/10/2021","14","0.100","1"
"Pisticci","p-Xilene","µg/m≥","02/10/2021","15","0.130","1"
"Pisticci","p-Xilene","µg/m≥","02/10/2021","16","0.140","1"
"Pisticci","p-Xilene","µg/m≥","02/10/2021","17","0.100","1"
"Pisticci","p-Xilene","µg/m≥","02/10/2021","18","0.410","1"
"Pisticci","p-Xilene","µg/m≥","02/10/2021","19","0.080","1"
"Pisticci","p-Xilene","µg/m≥","02/10/2021","20","0.070","1"
"Pisticci","p-Xilene","µg/m≥","02/10/2021","21","0.180","1"
"Pisticci","p-Xilene","µg/m≥","02/10/2021","22","0.240","1"
"Pisticci","p-Xilene","µg/m≥","02/10/2021","23","0.110","1"
"Pisticci","p-Xilene","µg/m≥","02/10/2021","24","0.270","1"
"Pisticci","p-Xilene","µg/m≥","03/10/2021","01","0.080","1"
"Pisticci","p-Xilene","µg/m≥","03/10/2021","02","0.140","1"
"Pisticci","p-Xilene","µg/m≥","03/10/2021","03","0.100","1"
"Pisticci","p-Xilene","µg/m≥","03/10/2021","04","0.250","1"
"Pisticci","p-Xilene","µg/m≥","03/10/2021","05","0.220","1"
"Pisticci","p-Xilene","µg/m≥","03/10/2021","06","0.180","1"
"Pisticci","p-Xilene","µg/m≥","03/10/2021","07","0.110","1"
"Pisticci","p-Xilene","µg/m≥","03/10/2021","08","0.080","1"
"Pisticci","p-Xilene","µg/m≥","03/10/2021","09","0.070","1"
"Pisticci","p-Xilene","µg/m≥","03/10/2021","10","0.100","1"
"Pisticci","p-Xilene","µg/m≥","03/10/2021","11","0.320","1"
"Pisticci","p-Xilene","µg/m≥","03/10/2021","12","0.070","1"
"Pisticci","p-Xilene","µg/m≥","03/10/2021","13","0.070","1"
"Pisticci","p-Xilene","µg/m≥","03/10/2021","14","0.050","1"
"Pisticci","p-Xilene","µg/m≥","03/10/2021","15","0.050","1"
"Pisticci","p-Xilene","µg/m≥","03/10/2021","16","0.050","1"
"Pisticci","p-Xilene","µg/m≥","03/10/2021","17","0.060","1"
"Pisticci","p-Xilene","µg/m≥","03/10/2021","18","0.060","1"
"Pisticci","p-Xilene","µg/m≥","03/10/2021","19","0.120","1"
"Pisticci","p-Xilene","µg/m≥","03/10/2021","20","0.070","1"
"Pisticci","p-Xilene","µg/m≥","03/10/2021","21","0.300","1"
"Pisticci","p-Xilene","µg/m≥","03/10/2021","22","0.240","1"
"Pisticci","p-Xilene","µg/m≥","03/10/2021","23","0.230","1"
"Pisticci","p-Xilene","µg/m≥","03/10/2021","24","0.690","1"
"Pisticci","p-Xilene","µg/m≥","04/10/2021","01","1.490","1"
"Pisticci","p-Xilene","µg/m≥","04/10/2021","02","0.760","1"
"Pisticci","p-Xilene","µg/m≥","04/10/2021","03","0.560","1"
"Pisticci","p-Xilene","µg/m≥","04/10/2021","04","1.160","1"
"Pisticci","p-Xilene","µg/m≥","04/10/2021","05","0.380","1"
"Pisticci","p-Xilene","µg/m≥","04/10/2021","06","0.720","1"
"Pisticci","p-Xilene","µg/m≥","04/10/2021","07","0.780","1"
"Pisticci","p-Xilene","µg/m≥","04/10/2021","08","0.590","1"
"Pisticci","p-Xilene","µg/m≥","04/10/2021","09","0.450","1"
"Pisticci","p-Xilene","µg/m≥","04/10/2021","10","0.230","1"
"Pisticci","p-Xilene","µg/m≥","04/10/2021","11","0.350","1"
"Pisticci","p-Xilene","µg/m≥","04/10/2021","12","0.260","1"
"Pisticci","p-Xilene","µg/m≥","04/10/2021","13","0.120","1"
"Pisticci","p-Xilene","µg/m≥","04/10/2021","14","0.080","1"
"Pisticci","p-Xilene","µg/m≥","04/10/2021","15","0.090","1"
"Pisticci","p-Xilene","µg/m≥","04/10/2021","16","0.160","1"
"Pisticci","p-Xilene","µg/m≥","04/10/2021","17","0.120","1"
"Pisticci","p-Xilene","µg/m≥","04/10/2021","18","0.180","1"
"Pisticci","p-Xilene","µg/m≥","04/10/2021","19","0.080","1"
"Pisticci","p-Xilene","µg/m≥","04/10/2021","20","0.140","1"
"Pisticci","p-Xilene","µg/m≥","04/10/2021","21","0.130","1"
"Pisticci","p-Xilene","µg/m≥","04/10/2021","22","0.260","1"
"Pisticci","p-Xilene","µg/m≥","04/10/2021","23","0.280","1"
"Pisticci","p-Xilene","µg/m≥","04/10/2021","24","0.180","1"
"Pisticci","p-Xilene","µg/m≥","05/10/2021","01","0.260","1"
"Pisticci","p-Xilene","µg/m≥","05/10/2021","02","0.210","1"
"Pisticci","p-Xilene","µg/m≥","05/10/2021","03","0.260","1"
"Pisticci","p-Xilene","µg/m≥","05/10/2021","04","0.210","1"
"Pisticci","p-Xilene","µg/m≥","05/10/2021","05","0.140","1"
"Pisticci","p-Xilene","µg/m≥","05/10/2021","06","0.150","1"
"Pisticci","p-Xilene","µg/m≥","05/10/2021","07","0.260","1"
"Pisticci","p-Xilene","µg/m≥","05/10/2021","08","0.230","1"
"Pisticci","p-Xilene","µg/m≥","05/10/2021","09","0.120","1"
"Pisticci","p-Xilene","µg/m≥","05/10/2021","10","0.180","1"
"Pisticci","p-Xilene","µg/m≥","05/10/2021","11","0.200","1"
"Pisticci","p-Xilene","µg/m≥","05/10/2021","12","0.480","1"
"Pisticci","p-Xilene","µg/m≥","05/10/2021","13","0.150","1"
"Pisticci","p-Xilene","µg/m≥","05/10/2021","14","0.260","1"
"Pisticci","p-Xilene","µg/m≥","05/10/2021","15","0.150","1"
"Pisticci","p-Xilene","µg/m≥","05/10/2021","16","0.200","1"
"Pisticci","p-Xilene","µg/m≥","05/10/2021","17","0.160","1"
"Pisticci","p-Xilene","µg/m≥","05/10/2021","18","0.100","1"
"Pisticci","p-Xilene","µg/m≥","05/10/2021","19","0.290","1"
"Pisticci","p-Xilene","µg/m≥","05/10/2021","20","0.210","1"
"Pisticci","p-Xilene","µg/m≥","05/10/2021","21","0.390","1"
"Pisticci","p-Xilene","µg/m≥","05/10/2021","22","0.240","1"
"Pisticci","p-Xilene","µg/m≥","05/10/2021","23","0.200","1"
"Pisticci","p-Xilene","µg/m≥","05/10/2021","24","0.490","1"
"Pisticci","p-Xilene","µg/m≥","06/10/2021","01","0.250","1"
"Pisticci","p-Xilene","µg/m≥","06/10/2021","02","0.110","1"
"Pisticci","p-Xilene","µg/m≥","06/10/2021","03","0.340","1"
"Pisticci","p-Xilene","µg/m≥","06/10/2021","04","0.420","1"
"Pisticci","p-Xilene","µg/m≥","06/10/2021","05","0.210","1"
"Pisticci","p-Xilene","µg/m≥","06/10/2021","06","0.210","1"
"Pisticci","p-Xilene","µg/m≥","06/10/2021","07","0.400","1"
"Pisticci","p-Xilene","µg/m≥","06/10/2021","08","0.440","1"
"Pisticci","p-Xilene","µg/m≥","06/10/2021","09","0.110","1"
"Pisticci","p-Xilene","µg/m≥","06/10/2021","10","0.260","1"
"Pisticci","p-Xilene","µg/m≥","06/10/2021","11","0.210","1"
"Pisticci","p-Xilene","µg/m≥","06/10/2021","12","0.270","1"
"Pisticci","p-Xilene","µg/m≥","06/10/2021","13","0.250","1"
"Pisticci","p-Xilene","µg/m≥","06/10/2021","14","0.270","1"
"Pisticci","p-Xilene","µg/m≥","06/10/2021","15","0.200","1"
"Pisticci","p-Xilene","µg/m≥","06/10/2021","16","0.430","1"
"Pisticci","p-Xilene","µg/m≥","06/10/2021","17","0.060","1"
"Pisticci","p-Xilene","µg/m≥","06/10/2021","18","0.200","1"
"Pisticci","p-Xilene","µg/m≥","06/10/2021","19","0.130","1"
"Pisticci","p-Xilene","µg/m≥","06/10/2021","20","0.450","1"
"Pisticci","p-Xilene","µg/m≥","06/10/2021","21","0.360","1"
"Pisticci","p-Xilene","µg/m≥","06/10/2021","22","0.090","1"
"Pisticci","p-Xilene","µg/m≥","06/10/2021","23","0.300","1"
"Pisticci","p-Xilene","µg/m≥","06/10/2021","24","0.130","1"
"Pisticci","p-Xilene","µg/m≥","07/10/2021","01","0.110","1"
"Pisticci","p-Xilene","µg/m≥","07/10/2021","02","0.060","1"
"Pisticci","p-Xilene","µg/m≥","07/10/2021","03","0.130","1"
"Pisticci","p-Xilene","µg/m≥","07/10/2021","04","0.140","1"
"Pisticci","p-Xilene","µg/m≥","07/10/2021","05","0.100","1"
"Pisticci","p-Xilene","µg/m≥","07/10/2021","06","0.080","1"
"Pisticci","p-Xilene","µg/m≥","07/10/2021","07","0.320","1"
"Pisticci","p-Xilene","µg/m≥","07/10/2021","08","0.370","1"
"Pisticci","p-Xilene","µg/m≥","07/10/2021","09","0.540","1"
"Pisticci","p-Xilene","µg/m≥","07/10/2021","10","0.690","1"
"Pisticci","p-Xilene","µg/m≥","07/10/2021","11","0.310","1"
"Pisticci","p-Xilene","µg/m≥","07/10/2021","12","0.530","1"
"Pisticci","p-Xilene","µg/m≥","07/10/2021","13","0.540","1"
"Pisticci","p-Xilene","µg/m≥","07/10/2021","14","0.440","1"
"Pisticci","p-Xilene","µg/m≥","07/10/2021","15","0.360","1"
"Pisticci","p-Xilene","µg/m≥","07/10/2021","16","0.260","1"
"Pisticci","p-Xilene","µg/m≥","07/10/2021","17","0.790","1"
"Pisticci","p-Xilene","µg/m≥","07/10/2021","18","0.220","1"
"Pisticci","p-Xilene","µg/m≥","07/10/2021","19","0.360","1"
"Pisticci","p-Xilene","µg/m≥","07/10/2021","20","0.290","1"
"Pisticci","p-Xilene","µg/m≥","07/10/2021","21","0.510","1"
"Pisticci","p-Xilene","µg/m≥","07/10/2021","22","2.770","1"
"Pisticci","p-Xilene","µg/m≥","07/10/2021","23","0.520","1"
"Pisticci","p-Xilene","µg/m≥","07/10/2021","24","1.010","1"
"Pisticci","p-Xilene","µg/m≥","08/10/2021","01","0.450","1"
"Pisticci","p-Xilene","µg/m≥","08/10/2021","02","0.450","1"
"Pisticci","p-Xilene","µg/m≥","08/10/2021","03","0.320","1"
"Pisticci","p-Xilene","µg/m≥","08/10/2021","04","0.300","1"
"Pisticci","p-Xilene","µg/m≥","08/10/2021","05","0.360","1"
"Pisticci","p-Xilene","µg/m≥","08/10/2021","06","0.260","1"
"Pisticci","p-Xilene","µg/m≥","08/10/2021","07","0.370","1"
"Pisticci","p-Xilene","µg/m≥","08/10/2021","08","0.210","1"
"Pisticci","p-Xilene","µg/m≥","08/10/2021","09","0.350","1"
"Pisticci","p-Xilene","µg/m≥","08/10/2021","10","0.800","1"
"Pisticci","p-Xilene","µg/m≥","08/10/2021","11","0.290","1"
"Pisticci","p-Xilene","µg/m≥","08/10/2021","12","0.670","1"
"Pisticci","p-Xilene","µg/m≥","08/10/2021","13","0.410","1"
"Pisticci","p-Xilene","µg/m≥","08/10/2021","14","0.760","1"
"Pisticci","p-Xilene","µg/m≥","08/10/2021","15","0.530","1"
"Pisticci","p-Xilene","µg/m≥","08/10/2021","16","0.700","1"
"Pisticci","p-Xilene","µg/m≥","08/10/2021","17","0.200","1"
"Pisticci","p-Xilene","µg/m≥","08/10/2021","18","0.870","1"
"Pisticci","p-Xilene","µg/m≥","08/10/2021","19","0.140","1"
"Pisticci","p-Xilene","µg/m≥","08/10/2021","20","0.460","1"
"Pisticci","p-Xilene","µg/m≥","08/10/2021","21","0.370","1"
"Pisticci","p-Xilene","µg/m≥","08/10/2021","22","0.330","1"
"Pisticci","p-Xilene","µg/m≥","08/10/2021","23","0.570","1"
"Pisticci","p-Xilene","µg/m≥","08/10/2021","24","0.360","1"
"Pisticci","p-Xilene","µg/m≥","09/10/2021","01","0.490","1"
"Pisticci","p-Xilene","µg/m≥","09/10/2021","02","0.560","1"
"Pisticci","p-Xilene","µg/m≥","09/10/2021","03","0.950","1"
"Pisticci","p-Xilene","µg/m≥","09/10/2021","04","0.490","1"
"Pisticci","p-Xilene","µg/m≥","09/10/2021","05","0.410","1"
"Pisticci","p-Xilene","µg/m≥","09/10/2021","06","0.610","1"
"Pisticci","p-Xilene","µg/m≥","09/10/2021","07","0.430","1"
"Pisticci","p-Xilene","µg/m≥","09/10/2021","08","0.310","1"
"Pisticci","p-Xilene","µg/m≥","09/10/2021","09","0.790","1"
"Pisticci","p-Xilene","µg/m≥","09/10/2021","10","0.100","1"
"Pisticci","p-Xilene","µg/m≥","09/10/2021","11","0.630","1"
"Pisticci","p-Xilene","µg/m≥","09/10/2021","12","0.080","1"
"Pisticci","p-Xilene","µg/m≥","09/10/2021","13","0.170","1"
"Pisticci","p-Xilene","µg/m≥","09/10/2021","14","0.230","1"
"Pisticci","p-Xilene","µg/m≥","09/10/2021","15","1.010","1"
"Pisticci","p-Xilene","µg/m≥","09/10/2021","16","0.100","1"
"Pisticci","p-Xilene","µg/m≥","09/10/2021","17","0.230","1"
"Pisticci","p-Xilene","µg/m≥","09/10/2021","18","0.260","1"
"Pisticci","p-Xilene","µg/m≥","09/10/2021","19","0.150","1"
"Pisticci","p-Xilene","µg/m≥","09/10/2021","20","0.300","1"
"Pisticci","p-Xilene","µg/m≥","09/10/2021","21","0.240","1"
"Pisticci","p-Xilene","µg/m≥","09/10/2021","22","0.510","1"
"Pisticci","p-Xilene","µg/m≥","09/10/2021","23","0.250","1"
"Pisticci","p-Xilene","µg/m≥","09/10/2021","24","0.780","1"
"Pisticci","p-Xilene","µg/m≥","10/10/2021","01","0.260","1"
"Pisticci","p-Xilene","µg/m≥","10/10/2021","02","0.660","1"
"Pisticci","p-Xilene","µg/m≥","10/10/2021","03","0.280","1"
"Pisticci","p-Xilene","µg/m≥","10/10/2021","04","0.240","1"
"Pisticci","p-Xilene","µg/m≥","10/10/2021","05","0.770","1"
"Pisticci","p-Xilene","µg/m≥","10/10/2021","06","0.320","1"
"Pisticci","p-Xilene","µg/m≥","10/10/2021","07","0.230","1"
"Pisticci","p-Xilene","µg/m≥","10/10/2021","08","0.140","1"
"Pisticci","p-Xilene","µg/m≥","10/10/2021","09","0.280","1"
"Pisticci","p-Xilene","µg/m≥","10/10/2021","10","0.400","1"
"Pisticci","p-Xilene","µg/m≥","10/10/2021","11","0.180","1"
"Pisticci","p-Xilene","µg/m≥","10/10/2021","12","0.350","1"
"Pisticci","p-Xilene","µg/m≥","10/10/2021","13","0.210","1"
"Pisticci","p-Xilene","µg/m≥","10/10/2021","14","0.310","1"
"Pisticci","p-Xilene","µg/m≥","10/10/2021","15","0.370","1"
"Pisticci","p-Xilene","µg/m≥","10/10/2021","16","0.180","1"
"Pisticci","p-Xilene","µg/m≥","10/10/2021","17","0.290","1"
"Pisticci","p-Xilene","µg/m≥","10/10/2021","18","0.170","1"
"Pisticci","p-Xilene","µg/m≥","10/10/2021","19","0.280","1"
"Pisticci","p-Xilene","µg/m≥","10/10/2021","20","0.190","1"
"Pisticci","p-Xilene","µg/m≥","10/10/2021","21","0.190","1"
"Pisticci","p-Xilene","µg/m≥","10/10/2021","22","0.280","1"
"Pisticci","p-Xilene","µg/m≥","10/10/2021","23","0.260","1"
"Pisticci","p-Xilene","µg/m≥","10/10/2021","24","0.140","1"
"Pisticci","p-Xilene","µg/m≥","11/10/2021","01","0.320","1"
"Pisticci","p-Xilene","µg/m≥","11/10/2021","02","0.320","1"
"Pisticci","p-Xilene","µg/m≥","11/10/2021","03","0.360","1"
"Pisticci","p-Xilene","µg/m≥","11/10/2021","04","0.320","1"
"Pisticci","p-Xilene","µg/m≥","11/10/2021","05","0.320","1"
"Pisticci","p-Xilene","µg/m≥","11/10/2021","06","0.330","1"
"Pisticci","p-Xilene","µg/m≥","11/10/2021","07","0.430","1"
"Pisticci","p-Xilene","µg/m≥","11/10/2021","08","0.320","1"
"Pisticci","p-Xilene","µg/m≥","11/10/2021","09","0.450","1"
"Pisticci","p-Xilene","µg/m≥","11/10/2021","10","0.950","1"
"Pisticci","p-Xilene","µg/m≥","11/10/2021","11","-9999","-1"
"Pisticci","p-Xilene","µg/m≥","11/10/2021","12","0.060","-1"
"Pisticci","p-Xilene","µg/m≥","11/10/2021","13","0.070","-1"
"Pisticci","p-Xilene","µg/m≥","11/10/2021","14","0.070","-1"
"Pisticci","p-Xilene","µg/m≥","11/10/2021","15","0.080","-1"
"Pisticci","p-Xilene","µg/m≥","11/10/2021","16","0.070","-1"
"Pisticci","p-Xilene","µg/m≥","11/10/2021","17","0.100","-1"
"Pisticci","p-Xilene","µg/m≥","11/10/2021","18","0.040","-1"
"Pisticci","p-Xilene","µg/m≥","11/10/2021","19","0.110","-1"
"Pisticci","p-Xilene","µg/m≥","11/10/2021","20","0.080","-1"
"Pisticci","p-Xilene","µg/m≥","11/10/2021","21","0.120","-1"
"Pisticci","p-Xilene","µg/m≥","11/10/2021","22","0.090","-1"
"Pisticci","p-Xilene","µg/m≥","11/10/2021","23","0.050","-1"
"Pisticci","p-Xilene","µg/m≥","11/10/2021","24","0.090","-1"
"Pisticci","p-Xilene","µg/m≥","12/10/2021","01","0.050","-1"
"Pisticci","p-Xilene","µg/m≥","12/10/2021","02","0.060","-1"
"Pisticci","p-Xilene","µg/m≥","12/10/2021","03","0.060","-1"
"Pisticci","p-Xilene","µg/m≥","12/10/2021","04","0.080","-1"
"Pisticci","p-Xilene","µg/m≥","12/10/2021","05","0.030","-1"
"Pisticci","p-Xilene","µg/m≥","12/10/2021","06","0.060","-1"
"Pisticci","p-Xilene","µg/m≥","12/10/2021","07","0.050","-1"
"Pisticci","p-Xilene","µg/m≥","12/10/2021","08","0.060","-1"
"Pisticci","p-Xilene","µg/m≥","12/10/2021","09","0.060","-1"
"Pisticci","p-Xilene","µg/m≥","12/10/2021","10","0.060","-1"
"Pisticci","p-Xilene","µg/m≥","12/10/2021","11","0.100","-1"
"Pisticci","p-Xilene","µg/m≥","12/10/2021","12","0.080","-1"
"Pisticci","p-Xilene","µg/m≥","12/10/2021","13","0.100","-1"
"Pisticci","p-Xilene","µg/m≥","12/10/2021","14","0.060","-1"
"Pisticci","p-Xilene","µg/m≥","12/10/2021","15","0.080","-1"
"Pisticci","p-Xilene","µg/m≥","12/10/2021","16","0.090","-1"
"Pisticci","p-Xilene","µg/m≥","12/10/2021","17","0.110","-1"
"Pisticci","p-Xilene","µg/m≥","12/10/2021","18","0.290","-1"
"Pisticci","p-Xilene","µg/m≥","12/10/2021","19","0.110","-1"
"Pisticci","p-Xilene","µg/m≥","12/10/2021","20","0.210","-1"
"Pisticci","p-Xilene","µg/m≥","12/10/2021","21","0.210","-1"
"Pisticci","p-Xilene","µg/m≥","12/10/2021","22","0.140","-1"
"Pisticci","p-Xilene","µg/m≥","12/10/2021","23","0.100","-1"
"Pisticci","p-Xilene","µg/m≥","12/10/2021","24","0.180","-1"
"Pisticci","p-Xilene","µg/m≥","13/10/2021","01","0.140","-1"
"Pisticci","p-Xilene","µg/m≥","13/10/2021","02","0.070","-1"
"Pisticci","p-Xilene","µg/m≥","13/10/2021","03","0.050","-1"
"Pisticci","p-Xilene","µg/m≥","13/10/2021","04","0.130","-1"
"Pisticci","p-Xilene","µg/m≥","13/10/2021","05","0.090","-1"
"Pisticci","p-Xilene","µg/m≥","13/10/2021","06","0.080","-1"
"Pisticci","p-Xilene","µg/m≥","13/10/2021","07","0.400","-1"
"Pisticci","p-Xilene","µg/m≥","13/10/2021","08","0.120","-1"
"Pisticci","p-Xilene","µg/m≥","13/10/2021","09","-9999","-1"
"Pisticci","p-Xilene","µg/m≥","13/10/2021","10","-9999","-1"
"Pisticci","p-Xilene","µg/m≥","13/10/2021","11","-9999","-1"
"Pisticci","p-Xilene","µg/m≥","13/10/2021","12","-9999","-1"
"Pisticci","p-Xilene","µg/m≥","13/10/2021","13","-9999","-1"
"Pisticci","p-Xilene","µg/m≥","13/10/2021","14","0.680","-1"
"Pisticci","p-Xilene","µg/m≥","13/10/2021","15","0.090","-1"
"Pisticci","p-Xilene","µg/m≥","13/10/2021","16","0.090","1"
"Pisticci","p-Xilene","µg/m≥","13/10/2021","17","0.190","1"
"Pisticci","p-Xilene","µg/m≥","13/10/2021","18","0.100","1"
"Pisticci","p-Xilene","µg/m≥","13/10/2021","19","0.140","1"
"Pisticci","p-Xilene","µg/m≥","13/10/2021","20","0.070","1"
"Pisticci","p-Xilene","µg/m≥","13/10/2021","21","0.110","1"
"Pisticci","p-Xilene","µg/m≥","13/10/2021","22","0.460","1"
"Pisticci","p-Xilene","µg/m≥","13/10/2021","23","0.070","1"
"Pisticci","p-Xilene","µg/m≥","13/10/2021","24","0.070","1"
"Pisticci","p-Xilene","µg/m≥","14/10/2021","01","0.060","1"
"Pisticci","p-Xilene","µg/m≥","14/10/2021","02","0.050","1"
"Pisticci","p-Xilene","µg/m≥","14/10/2021","03","0.050","1"
"Pisticci","p-Xilene","µg/m≥","14/10/2021","04","0.030","1"
"Pisticci","p-Xilene","µg/m≥","14/10/2021","05","0.030","1"
"Pisticci","p-Xilene","µg/m≥","14/10/2021","06","0.030","1"
"Pisticci","p-Xilene","µg/m≥","14/10/2021","07","0.080","1"
"Pisticci","p-Xilene","µg/m≥","14/10/2021","08","0.070","1"
"Pisticci","p-Xilene","µg/m≥","14/10/2021","09","0.040","1"
"Pisticci","p-Xilene","µg/m≥","14/10/2021","10","0.120","1"
"Pisticci","p-Xilene","µg/m≥","14/10/2021","11","0.040","1"
"Pisticci","p-Xilene","µg/m≥","14/10/2021","12","0.020","1"
"Pisticci","p-Xilene","µg/m≥","14/10/2021","13","0.040","1"
"Pisticci","p-Xilene","µg/m≥","14/10/2021","14","0.080","1"
"Pisticci","p-Xilene","µg/m≥","14/10/2021","15","0.090","1"
"Pisticci","p-Xilene","µg/m≥","14/10/2021","16","0.040","1"
"Pisticci","p-Xilene","µg/m≥","14/10/2021","17","0.050","1"
"Pisticci","p-Xilene","µg/m≥","14/10/2021","18","0.110","1"
"Pisticci","p-Xilene","µg/m≥","14/10/2021","19","0.180","1"
"Pisticci","p-Xilene","µg/m≥","14/10/2021","20","0.140","1"
"Pisticci","p-Xilene","µg/m≥","14/10/2021","21","0.240","1"
"Pisticci","p-Xilene","µg/m≥","14/10/2021","22","0.260","1"
"Pisticci","p-Xilene","µg/m≥","14/10/2021","23","0.180","1"
"Pisticci","p-Xilene","µg/m≥","14/10/2021","24","0.150","1"
"Pisticci","p-Xilene","µg/m≥","15/10/2021","01","0.120","1"
"Pisticci","p-Xilene","µg/m≥","15/10/2021","02","0.180","1"
"Pisticci","p-Xilene","µg/m≥","15/10/2021","03","0.480","1"
"Pisticci","p-Xilene","µg/m≥","15/10/2021","04","0.690","1"
"Pisticci","p-Xilene","µg/m≥","15/10/2021","05","0.310","1"
"Pisticci","p-Xilene","µg/m≥","15/10/2021","06","1.050","1"
"Pisticci","p-Xilene","µg/m≥","15/10/2021","07","0.470","1"
"Pisticci","p-Xilene","µg/m≥","15/10/2021","08","2.040","1"
"Pisticci","p-Xilene","µg/m≥","15/10/2021","09","0.080","1"
"Pisticci","p-Xilene","µg/m≥","15/10/2021","10","0.060","1"
"Pisticci","p-Xilene","µg/m≥","15/10/2021","11","0.100","1"
"Pisticci","p-Xilene","µg/m≥","15/10/2021","12","0.130","1"
"Pisticci","p-Xilene","µg/m≥","15/10/2021","13","2.120","1"
"Pisticci","p-Xilene","µg/m≥","15/10/2021","14","0.860","1"
"Pisticci","p-Xilene","µg/m≥","15/10/2021","15","0.330","1"
"Pisticci","p-Xilene","µg/m≥","15/10/2021","16","0.020","1"
"Pisticci","p-Xilene","µg/m≥","15/10/2021","17","0.020","1"
"Pisticci","p-Xilene","µg/m≥","15/10/2021","18","0.110","1"
"Pisticci","p-Xilene","µg/m≥","15/10/2021","19","0.220","1"
"Pisticci","p-Xilene","µg/m≥","15/10/2021","20","7.480","1"
"Pisticci","p-Xilene","µg/m≥","15/10/2021","21","5.060","1"
"Pisticci","p-Xilene","µg/m≥","15/10/2021","22","1.000","1"
"Pisticci","p-Xilene","µg/m≥","15/10/2021","23","5.800","1"
"Pisticci","p-Xilene","µg/m≥","15/10/2021","24","5.330","1"
"Pisticci","p-Xilene","µg/m≥","16/10/2021","01","2.260","1"
"Pisticci","p-Xilene","µg/m≥","16/10/2021","02","1.730","1"
"Pisticci","p-Xilene","µg/m≥","16/10/2021","03","0.550","1"
"Pisticci","p-Xilene","µg/m≥","16/10/2021","04","0.360","1"
"Pisticci","p-Xilene","µg/m≥","16/10/2021","05","0.180","1"
"Pisticci","p-Xilene","µg/m≥","16/10/2021","06","0.330","1"
"Pisticci","p-Xilene","µg/m≥","16/10/2021","07","0.500","1"
"Pisticci","p-Xilene","µg/m≥","16/10/2021","08","0.170","1"
"Pisticci","p-Xilene","µg/m≥","16/10/2021","09","0.220","1"
"Pisticci","p-Xilene","µg/m≥","16/10/2021","10","2.260","1"
"Pisticci","p-Xilene","µg/m≥","16/10/2021","11","0.220","1"
"Pisticci","p-Xilene","µg/m≥","16/10/2021","12","0.140","1"
"Pisticci","p-Xilene","µg/m≥","16/10/2021","13","0.230","1"
"Pisticci","p-Xilene","µg/m≥","16/10/2021","14","0.070","1"
"Pisticci","p-Xilene","µg/m≥","16/10/2021","15","0.950","1"
"Pisticci","p-Xilene","µg/m≥","16/10/2021","16","0.670","1"
"Pisticci","p-Xilene","µg/m≥","16/10/2021","17","0.130","1"
"Pisticci","p-Xilene","µg/m≥","16/10/2021","18","0.020","1"
"Pisticci","p-Xilene","µg/m≥","16/10/2021","19","0.930","1"
"Pisticci","p-Xilene","µg/m≥","16/10/2021","20","0.270","1"
"Pisticci","p-Xilene","µg/m≥","16/10/2021","21","0.330","1"
"Pisticci","p-Xilene","µg/m≥","16/10/2021","22","0.790","1"
"Pisticci","p-Xilene","µg/m≥","16/10/2021","23","0.480","1"
"Pisticci","p-Xilene","µg/m≥","16/10/2021","24","0.370","1"
"Pisticci","p-Xilene","µg/m≥","17/10/2021","01","0.600","1"
"Pisticci","p-Xilene","µg/m≥","17/10/2021","02","0.200","1"
"Pisticci","p-Xilene","µg/m≥","17/10/2021","03","0.270","1"
"Pisticci","p-Xilene","µg/m≥","17/10/2021","04","0.170","1"
"Pisticci","p-Xilene","µg/m≥","17/10/2021","05","0.250","1"
"Pisticci","p-Xilene","µg/m≥","17/10/2021","06","0.160","1"
"Pisticci","p-Xilene","µg/m≥","17/10/2021","07","0.080","1"
"Pisticci","p-Xilene","µg/m≥","17/10/2021","08","0.080","1"
"Pisticci","p-Xilene","µg/m≥","17/10/2021","09","0.100","1"
"Pisticci","p-Xilene","µg/m≥","17/10/2021","10","0.050","1"
"Pisticci","p-Xilene","µg/m≥","17/10/2021","11","0.400","1"
"Pisticci","p-Xilene","µg/m≥","17/10/2021","12","1.360","1"
"Pisticci","p-Xilene","µg/m≥","17/10/2021","13","1.090","1"
"Pisticci","p-Xilene","µg/m≥","17/10/2021","14","1.160","1"
"Pisticci","p-Xilene","µg/m≥","17/10/2021","15","0.060","1"
"Pisticci","p-Xilene","µg/m≥","17/10/2021","16","0.110","1"
"Pisticci","p-Xilene","µg/m≥","17/10/2021","17","0.050","1"
"Pisticci","p-Xilene","µg/m≥","17/10/2021","18","3.510","1"
"Pisticci","p-Xilene","µg/m≥","17/10/2021","19","0.460","1"
"Pisticci","p-Xilene","µg/m≥","17/10/2021","20","0.120","1"
"Pisticci","p-Xilene","µg/m≥","17/10/2021","21","0.160","1"
"Pisticci","p-Xilene","µg/m≥","17/10/2021","22","0.160","1"
"Pisticci","p-Xilene","µg/m≥","17/10/2021","23","0.380","1"
"Pisticci","p-Xilene","µg/m≥","17/10/2021","24","0.410","1"
"Pisticci","p-Xilene","µg/m≥","18/10/2021","01","0.480","1"
"Pisticci","p-Xilene","µg/m≥","18/10/2021","02","0.670","1"
"Pisticci","p-Xilene","µg/m≥","18/10/2021","03","0.470","1"
"Pisticci","p-Xilene","µg/m≥","18/10/2021","04","0.330","1"
"Pisticci","p-Xilene","µg/m≥","18/10/2021","05","0.140","1"
"Pisticci","p-Xilene","µg/m≥","18/10/2021","06","1.510","1"
"Pisticci","p-Xilene","µg/m≥","18/10/2021","07","0.490","1"
"Pisticci","p-Xilene","µg/m≥","18/10/2021","08","1.340","1"
"Pisticci","p-Xilene","µg/m≥","18/10/2021","09","0.720","1"
"Pisticci","p-Xilene","µg/m≥","18/10/2021","10","0.260","1"
"Pisticci","p-Xilene","µg/m≥","18/10/2021","11","-9999","-1"
"Pisticci","p-Xilene","µg/m≥","18/10/2021","12","-9999","-1"
"Pisticci","p-Xilene","µg/m≥","18/10/2021","13","-9999","-1"
"Pisticci","p-Xilene","µg/m≥","18/10/2021","14","-9999","-1"
"Pisticci","p-Xilene","µg/m≥","18/10/2021","15","-9999","-1"
"Pisticci","p-Xilene","µg/m≥","18/10/2021","16","-9999","-1"
"Pisticci","p-Xilene","µg/m≥","18/10/2021","17","-9999","-1"
"Pisticci","p-Xilene","µg/m≥","18/10/2021","18","0.220","1"
"Pisticci","p-Xilene","µg/m≥","18/10/2021","19","0.290","1"
"Pisticci","p-Xilene","µg/m≥","18/10/2021","20","0.480","1"
"Pisticci","p-Xilene","µg/m≥","18/10/2021","21","0.130","1"
"Pisticci","p-Xilene","µg/m≥","18/10/2021","22","0.120","1"
"Pisticci","p-Xilene","µg/m≥","18/10/2021","23","0.420","1"
"Pisticci","p-Xilene","µg/m≥","18/10/2021","24","0.410","1"
"Pisticci","p-Xilene","µg/m≥","19/10/2021","01","0.090","1"
"Pisticci","p-Xilene","µg/m≥","19/10/2021","02","0.210","1"
"Pisticci","p-Xilene","µg/m≥","19/10/2021","03","0.080","1"
"Pisticci","p-Xilene","µg/m≥","19/10/2021","04","0.070","1"
"Pisticci","p-Xilene","µg/m≥","19/10/2021","05","0.280","1"
"Pisticci","p-Xilene","µg/m≥","19/10/2021","06","0.440","1"
"Pisticci","p-Xilene","µg/m≥","19/10/2021","07","0.160","1"
"Pisticci","p-Xilene","µg/m≥","19/10/2021","08","0.200","1"
"Pisticci","p-Xilene","µg/m≥","19/10/2021","09","0.130","1"
"Pisticci","p-Xilene","µg/m≥","19/10/2021","10","1.290","1"
"Pisticci","p-Xilene","µg/m≥","19/10/2021","11","0.180","1"
"Pisticci","p-Xilene","µg/m≥","19/10/2021","12","0.020","1"
"Pisticci","p-Xilene","µg/m≥","19/10/2021","13","0.070","1"
"Pisticci","p-Xilene","µg/m≥","19/10/2021","14","0.070","1"
"Pisticci","p-Xilene","µg/m≥","19/10/2021","15","0.040","1"
"Pisticci","p-Xilene","µg/m≥","19/10/2021","16","0.070","1"
"Pisticci","p-Xilene","µg/m≥","19/10/2021","17","0.050","1"
"Pisticci","p-Xilene","µg/m≥","19/10/2021","18","0.050","1"
"Pisticci","p-Xilene","µg/m≥","19/10/2021","19","0.090","1"
"Pisticci","p-Xilene","µg/m≥","19/10/2021","20","0.370","1"
"Pisticci","p-Xilene","µg/m≥","19/10/2021","21","0.260","1"
"Pisticci","p-Xilene","µg/m≥","19/10/2021","22","0.260","1"
"Pisticci","p-Xilene","µg/m≥","19/10/2021","23","0.450","1"
"Pisticci","p-Xilene","µg/m≥","19/10/2021","24","0.420","1"
"Pisticci","p-Xilene","µg/m≥","20/10/2021","01","0.320","1"
"Pisticci","p-Xilene","µg/m≥","20/10/2021","02","0.380","1"
"Pisticci","p-Xilene","µg/m≥","20/10/2021","03","0.230","1"
"Pisticci","p-Xilene","µg/m≥","20/10/2021","04","0.380","1"
"Pisticci","p-Xilene","µg/m≥","20/10/2021","05","0.110","1"
"Pisticci","p-Xilene","µg/m≥","20/10/2021","06","0.570","1"
"Pisticci","p-Xilene","µg/m≥","20/10/2021","07","0.410","1"
"Pisticci","p-Xilene","µg/m≥","20/10/2021","08","0.870","1"
"Pisticci","p-Xilene","µg/m≥","20/10/2021","09","0.340","1"
"Pisticci","p-Xilene","µg/m≥","20/10/2021","10","1.080","1"
"Pisticci","p-Xilene","µg/m≥","20/10/2021","11","2.450","1"
"Pisticci","p-Xilene","µg/m≥","20/10/2021","12","1.460","1"
"Pisticci","p-Xilene","µg/m≥","20/10/2021","13","2.210","1"
"Pisticci","p-Xilene","µg/m≥","20/10/2021","14","0.750","1"
"Pisticci","p-Xilene","µg/m≥","20/10/2021","15","0.910","1"
"Pisticci","p-Xilene","µg/m≥","20/10/2021","16","0.130","1"
"Pisticci","p-Xilene","µg/m≥","20/10/2021","17","0.150","1"
"Pisticci","p-Xilene","µg/m≥","20/10/2021","18","0.180","1"
"Pisticci","p-Xilene","µg/m≥","20/10/2021","19","0.090","1"
"Pisticci","p-Xilene","µg/m≥","20/10/2021","20","0.140","1"
"Pisticci","p-Xilene","µg/m≥","20/10/2021","21","0.200","1"
"Pisticci","p-Xilene","µg/m≥","20/10/2021","22","0.530","1"
"Pisticci","p-Xilene","µg/m≥","20/10/2021","23","0.100","1"
"Pisticci","p-Xilene","µg/m≥","20/10/2021","24","0.120","1"
"Pisticci","p-Xilene","µg/m≥","21/10/2021","01","0.080","1"
"Pisticci","p-Xilene","µg/m≥","21/10/2021","02","0.030","1"
"Pisticci","p-Xilene","µg/m≥","21/10/2021","03","0.080","1"
"Pisticci","p-Xilene","µg/m≥","21/10/2021","04","0.040","1"
"Pisticci","p-Xilene","µg/m≥","21/10/2021","05","0.040","1"
"Pisticci","p-Xilene","µg/m≥","21/10/2021","06","0.150","1"
"Pisticci","p-Xilene","µg/m≥","21/10/2021","07","0.150","1"
"Pisticci","p-Xilene","µg/m≥","21/10/2021","08","0.190","1"
"Pisticci","p-Xilene","µg/m≥","21/10/2021","09","0.230","1"
"Pisticci","p-Xilene","µg/m≥","21/10/2021","10","0.100","1"
"Pisticci","p-Xilene","µg/m≥","21/10/2021","11","0.230","1"
"Pisticci","p-Xilene","µg/m≥","21/10/2021","12","0.120","1"
"Pisticci","p-Xilene","µg/m≥","21/10/2021","13","1.150","1"
"Pisticci","p-Xilene","µg/m≥","21/10/2021","14","0.140","1"
"Pisticci","p-Xilene","µg/m≥","21/10/2021","15","0.040","1"
"Pisticci","p-Xilene","µg/m≥","21/10/2021","16","0.230","1"
"Pisticci","p-Xilene","µg/m≥","21/10/2021","17","0.050","1"
"Pisticci","p-Xilene","µg/m≥","21/10/2021","18","0.070","1"
"Pisticci","p-Xilene","µg/m≥","21/10/2021","19","0.090","1"
"Pisticci","p-Xilene","µg/m≥","21/10/2021","20","0.600","1"
"Pisticci","p-Xilene","µg/m≥","21/10/2021","21","0.360","1"
"Pisticci","p-Xilene","µg/m≥","21/10/2021","22","0.100","1"
"Pisticci","p-Xilene","µg/m≥","21/10/2021","23","0.230","1"
"Pisticci","p-Xilene","µg/m≥","21/10/2021","24","0.240","1"
"Pisticci","p-Xilene","µg/m≥","22/10/2021","01","0.220","1"
"Pisticci","p-Xilene","µg/m≥","22/10/2021","02","0.290","1"
"Pisticci","p-Xilene","µg/m≥","22/10/2021","03","0.150","1"
"Pisticci","p-Xilene","µg/m≥","22/10/2021","04","0.430","1"
"Pisticci","p-Xilene","µg/m≥","22/10/2021","05","0.190","1"
"Pisticci","p-Xilene","µg/m≥","22/10/2021","06","0.100","1"
"Pisticci","p-Xilene","µg/m≥","22/10/2021","07","0.260","1"
"Pisticci","p-Xilene","µg/m≥","22/10/2021","08","0.370","1"
"Pisticci","p-Xilene","µg/m≥","22/10/2021","09","0.390","1"
"Pisticci","p-Xilene","µg/m≥","22/10/2021","10","0.420","1"
"Pisticci","p-Xilene","µg/m≥","22/10/2021","11","0.300","1"
"Pisticci","p-Xilene","µg/m≥","22/10/2021","12","0.220","1"
"Pisticci","p-Xilene","µg/m≥","22/10/2021","13","0.530","1"
"Pisticci","p-Xilene","µg/m≥","22/10/2021","14","0.070","1"
"Pisticci","p-Xilene","µg/m≥","22/10/2021","15","0.190","1"
"Pisticci","p-Xilene","µg/m≥","22/10/2021","16","0.040","1"
"Pisticci","p-Xilene","µg/m≥","22/10/2021","17","0.050","1"
"Pisticci","p-Xilene","µg/m≥","22/10/2021","18","0.340","1"
"Pisticci","p-Xilene","µg/m≥","22/10/2021","19","0.130","1"
"Pisticci","p-Xilene","µg/m≥","22/10/2021","20","0.170","1"
"Pisticci","p-Xilene","µg/m≥","22/10/2021","21","0.210","1"
"Pisticci","p-Xilene","µg/m≥","22/10/2021","22","0.240","1"
"Pisticci","p-Xilene","µg/m≥","22/10/2021","23","0.170","1"
"Pisticci","p-Xilene","µg/m≥","22/10/2021","24","0.300","1"
"Pisticci","p-Xilene","µg/m≥","23/10/2021","01","0.310","1"
"Pisticci","p-Xilene","µg/m≥","23/10/2021","02","0.060","1"
"Pisticci","p-Xilene","µg/m≥","23/10/2021","03","0.110","1"
"Pisticci","p-Xilene","µg/m≥","23/10/2021","04","0.130","1"
"Pisticci","p-Xilene","µg/m≥","23/10/2021","05","0.270","1"
"Pisticci","p-Xilene","µg/m≥","23/10/2021","06","0.100","1"
"Pisticci","p-Xilene","µg/m≥","23/10/2021","07","0.160","1"
"Pisticci","p-Xilene","µg/m≥","23/10/2021","08","0.070","1"
"Pisticci","p-Xilene","µg/m≥","23/10/2021","09","0.120","1"
"Pisticci","p-Xilene","µg/m≥","23/10/2021","10","0.140","1"
"Pisticci","p-Xilene","µg/m≥","23/10/2021","11","0.670","1"
"Pisticci","p-Xilene","µg/m≥","23/10/2021","12","0.090","1"
"Pisticci","p-Xilene","µg/m≥","23/10/2021","13","0.020","1"
"Pisticci","p-Xilene","µg/m≥","23/10/2021","14","0.010","1"
"Pisticci","p-Xilene","µg/m≥","23/10/2021","15","0.020","1"
"Pisticci","p-Xilene","µg/m≥","23/10/2021","16","0.020","1"
"Pisticci","p-Xilene","µg/m≥","23/10/2021","17","0.040","1"
"Pisticci","p-Xilene","µg/m≥","23/10/2021","18","0.230","1"
"Pisticci","p-Xilene","µg/m≥","23/10/2021","19","0.280","1"
"Pisticci","p-Xilene","µg/m≥","23/10/2021","20","0.080","1"
"Pisticci","p-Xilene","µg/m≥","23/10/2021","21","0.050","1"
"Pisticci","p-Xilene","µg/m≥","23/10/2021","22","0.040","1"
"Pisticci","p-Xilene","µg/m≥","23/10/2021","23","0.090","1"
"Pisticci","p-Xilene","µg/m≥","23/10/2021","24","0.140","1"
"Pisticci","p-Xilene","µg/m≥","24/10/2021","01","0.110","1"
"Pisticci","p-Xilene","µg/m≥","24/10/2021","02","0.030","1"
"Pisticci","p-Xilene","µg/m≥","24/10/2021","03","0.030","1"
"Pisticci","p-Xilene","µg/m≥","24/10/2021","04","0.010","1"
"Pisticci","p-Xilene","µg/m≥","24/10/2021","05","0.010","1"
"Pisticci","p-Xilene","µg/m≥","24/10/2021","06","0.050","1"
"Pisticci","p-Xilene","µg/m≥","24/10/2021","07","0.040","1"
"Pisticci","p-Xilene","µg/m≥","24/10/2021","08","0.010","1"
"Pisticci","p-Xilene","µg/m≥","24/10/2021","09","0.010","1"
"Pisticci","p-Xilene","µg/m≥","24/10/2021","10","0.040","1"
"Pisticci","p-Xilene","µg/m≥","24/10/2021","11","0.020","1"
"Pisticci","p-Xilene","µg/m≥","24/10/2021","12","0.020","1"
"Pisticci","p-Xilene","µg/m≥","24/10/2021","13","0.060","1"
"Pisticci","p-Xilene","µg/m≥","24/10/2021","14","0.020","1"
"Pisticci","p-Xilene","µg/m≥","24/10/2021","15","0.020","1"
"Pisticci","p-Xilene","µg/m≥","24/10/2021","16","0.020","1"
"Pisticci","p-Xilene","µg/m≥","24/10/2021","17","0.020","1"
"Pisticci","p-Xilene","µg/m≥","24/10/2021","18","0.050","1"
"Pisticci","p-Xilene","µg/m≥","24/10/2021","19","0.040","1"
"Pisticci","p-Xilene","µg/m≥","24/10/2021","20","0.020","1"
"Pisticci","p-Xilene","µg/m≥","24/10/2021","21","0.040","1"
"Pisticci","p-Xilene","µg/m≥","24/10/2021","22","0.060","1"
"Pisticci","p-Xilene","µg/m≥","24/10/2021","23","0.020","1"
"Pisticci","p-Xilene","µg/m≥","24/10/2021","24","0.050","1"
"Pisticci","p-Xilene","µg/m≥","25/10/2021","01","0.050","1"
"Pisticci","p-Xilene","µg/m≥","25/10/2021","02","0.110","1"
"Pisticci","p-Xilene","µg/m≥","25/10/2021","03","0.030","1"
"Pisticci","p-Xilene","µg/m≥","25/10/2021","04","0.030","1"
"Pisticci","p-Xilene","µg/m≥","25/10/2021","05","0.020","1"
"Pisticci","p-Xilene","µg/m≥","25/10/2021","06","0.050","1"
"Pisticci","p-Xilene","µg/m≥","25/10/2021","07","0.030","1"
"Pisticci","p-Xilene","µg/m≥","25/10/2021","08","0.020","1"
"Pisticci","p-Xilene","µg/m≥","25/10/2021","09","-9999","-1"
"Pisticci","p-Xilene","µg/m≥","25/10/2021","10","-9999","-1"
"Pisticci","p-Xilene","µg/m≥","25/10/2021","11","-9999","-1"
"Pisticci","p-Xilene","µg/m≥","25/10/2021","12","1.240","-1"
"Pisticci","p-Xilene","µg/m≥","25/10/2021","13","0.410","1"
"Pisticci","p-Xilene","µg/m≥","25/10/2021","14","0.350","1"
"Pisticci","p-Xilene","µg/m≥","25/10/2021","15","0.150","1"
"Pisticci","p-Xilene","µg/m≥","25/10/2021","16","0.110","1"
"Pisticci","p-Xilene","µg/m≥","25/10/2021","17","0.310","1"
"Pisticci","p-Xilene","µg/m≥","25/10/2021","18","0.370","1"
"Pisticci","p-Xilene","µg/m≥","25/10/2021","19","0.210","1"
"Pisticci","p-Xilene","µg/m≥","25/10/2021","20","0.370","1"
"Pisticci","p-Xilene","µg/m≥","25/10/2021","21","0.670","1"
"Pisticci","p-Xilene","µg/m≥","25/10/2021","22","0.690","1"
"Pisticci","p-Xilene","µg/m≥","25/10/2021","23","0.600","1"
"Pisticci","p-Xilene","µg/m≥","25/10/2021","24","0.100","1"
"Pisticci","p-Xilene","µg/m≥","26/10/2021","01","0.100","1"
"Pisticci","p-Xilene","µg/m≥","26/10/2021","02","0.090","1"
"Pisticci","p-Xilene","µg/m≥","26/10/2021","03","0.040","1"
"Pisticci","p-Xilene","µg/m≥","26/10/2021","04","0.040","1"
"Pisticci","p-Xilene","µg/m≥","26/10/2021","05","0.030","1"
"Pisticci","p-Xilene","µg/m≥","26/10/2021","06","0.050","1"
"Pisticci","p-Xilene","µg/m≥","26/10/2021","07","0.090","1"
"Pisticci","p-Xilene","µg/m≥","26/10/2021","08","0.120","1"
"Pisticci","p-Xilene","µg/m≥","26/10/2021","09","0.210","1"
"Pisticci","p-Xilene","µg/m≥","26/10/2021","10","0.430","1"
"Pisticci","p-Xilene","µg/m≥","26/10/2021","11","0.050","1"
"Pisticci","p-Xilene","µg/m≥","26/10/2021","12","0.030","1"
"Pisticci","p-Xilene","µg/m≥","26/10/2021","13","0.070","1"
"Pisticci","p-Xilene","µg/m≥","26/10/2021","14","0.100","1"
"Pisticci","p-Xilene","µg/m≥","26/10/2021","15","0.510","1"
"Pisticci","p-Xilene","µg/m≥","26/10/2021","16","0.020","1"
"Pisticci","p-Xilene","µg/m≥","26/10/2021","17","0.020","1"
"Pisticci","p-Xilene","µg/m≥","26/10/2021","18","0.020","1"
"Pisticci","p-Xilene","µg/m≥","26/10/2021","19","0.030","1"
"Pisticci","p-Xilene","µg/m≥","26/10/2021","20","0.280","1"
"Pisticci","p-Xilene","µg/m≥","26/10/2021","21","1.180","1"
"Pisticci","p-Xilene","µg/m≥","26/10/2021","22","0.260","1"
"Pisticci","p-Xilene","µg/m≥","26/10/2021","23","0.120","1"
"Pisticci","p-Xilene","µg/m≥","26/10/2021","24","0.120","1"
"Pisticci","p-Xilene","µg/m≥","27/10/2021","01","0.100","1"
"Pisticci","p-Xilene","µg/m≥","27/10/2021","02","0.080","1"
"Pisticci","p-Xilene","µg/m≥","27/10/2021","03","0.190","1"
"Pisticci","p-Xilene","µg/m≥","27/10/2021","04","0.180","1"
"Pisticci","p-Xilene","µg/m≥","27/10/2021","05","0.040","1"
"Pisticci","p-Xilene","µg/m≥","27/10/2021","06","0.070","1"
"Pisticci","p-Xilene","µg/m≥","27/10/2021","07","0.240","1"
"Pisticci","p-Xilene","µg/m≥","27/10/2021","08","0.070","1"
"Pisticci","p-Xilene","µg/m≥","27/10/2021","09","0.300","1"
"Pisticci","p-Xilene","µg/m≥","27/10/2021","10","0.380","1"
"Pisticci","p-Xilene","µg/m≥","27/10/2021","11","0.080","1"
"Pisticci","p-Xilene","µg/m≥","27/10/2021","12","0.020","1"
"Pisticci","p-Xilene","µg/m≥","27/10/2021","13","0.010","1"
"Pisticci","p-Xilene","µg/m≥","27/10/2021","14","0.020","1"
"Pisticci","p-Xilene","µg/m≥","27/10/2021","15","0.040","1"
"Pisticci","p-Xilene","µg/m≥","27/10/2021","16","0.030","1"
"Pisticci","p-Xilene","µg/m≥","27/10/2021","17","0.030","1"
"Pisticci","p-Xilene","µg/m≥","27/10/2021","18","0.020","1"
"Pisticci","p-Xilene","µg/m≥","27/10/2021","19","-9999","-1"
"Pisticci","p-Xilene","µg/m≥","27/10/2021","20","-9999","-1"
"Pisticci","p-Xilene","µg/m≥","27/10/2021","21","-9999","-1"
"Pisticci","p-Xilene","µg/m≥","27/10/2021","22","-9999","-1"
"Pisticci","p-Xilene","µg/m≥","27/10/2021","23","-9999","-1"
"Pisticci","p-Xilene","µg/m≥","27/10/2021","24","-9999","-1"
"Pisticci","p-Xilene","µg/m≥","28/10/2021","01","-9999","-1"
"Pisticci","p-Xilene","µg/m≥","28/10/2021","02","-9999","-1"
"Pisticci","p-Xilene","µg/m≥","28/10/2021","03","-9999","-1"
"Pisticci","p-Xilene","µg/m≥","28/10/2021","04","-9999","-1"
"Pisticci","p-Xilene","µg/m≥","28/10/2021","05","-9999","-1"
"Pisticci","p-Xilene","µg/m≥","28/10/2021","06","-9999","-1"
"Pisticci","p-Xilene","µg/m≥","28/10/2021","07","-9999","-1"
"Pisticci","p-Xilene","µg/m≥","28/10/2021","08","-9999","-1"
"Pisticci","p-Xilene","µg/m≥","28/10/2021","09","-9999","-1"
"Pisticci","p-Xilene","µg/m≥","28/10/2021","10","-9999","-1"
"Pisticci","p-Xilene","µg/m≥","28/10/2021","11","-9999","-1"
"Pisticci","p-Xilene","µg/m≥","28/10/2021","12","-9999","-1"
"Pisticci","p-Xilene","µg/m≥","28/10/2021","13","0.060","1"
"Pisticci","p-Xilene","µg/m≥","28/10/2021","14","0.020","1"
"Pisticci","p-Xilene","µg/m≥","28/10/2021","15","0.050","1"
"Pisticci","p-Xilene","µg/m≥","28/10/2021","16","0.060","1"
"Pisticci","p-Xilene","µg/m≥","28/10/2021","17","0.140","1"
"Pisticci","p-Xilene","µg/m≥","28/10/2021","18","0.370","1"
"Pisticci","p-Xilene","µg/m≥","28/10/2021","19","0.260","1"
"Pisticci","p-Xilene","µg/m≥","28/10/2021","20","0.230","1"
"Pisticci","p-Xilene","µg/m≥","28/10/2021","21","0.080","1"
"Pisticci","p-Xilene","µg/m≥","28/10/2021","22","0.220","1"
"Pisticci","p-Xilene","µg/m≥","28/10/2021","23","0.110","1"
"Pisticci","p-Xilene","µg/m≥","28/10/2021","24","0.120","1"
"Pisticci","p-Xilene","µg/m≥","29/10/2021","01","0.210","1"
"Pisticci","p-Xilene","µg/m≥","29/10/2021","02","0.160","1"
"Pisticci","p-Xilene","µg/m≥","29/10/2021","03","0.030","1"
"Pisticci","p-Xilene","µg/m≥","29/10/2021","04","0.010","1"
"Pisticci","p-Xilene","µg/m≥","29/10/2021","05","0.040","1"
"Pisticci","p-Xilene","µg/m≥","29/10/2021","06","0.030","1"
"Pisticci","p-Xilene","µg/m≥","29/10/2021","07","0.230","1"
"Pisticci","p-Xilene","µg/m≥","29/10/2021","08","0.360","1"
"Pisticci","p-Xilene","µg/m≥","29/10/2021","09","0.080","1"
"Pisticci","p-Xilene","µg/m≥","29/10/2021","10","0.090","1"
"Pisticci","p-Xilene","µg/m≥","29/10/2021","11","0.120","1"
"Pisticci","p-Xilene","µg/m≥","29/10/2021","12","0.050","1"
"Pisticci","p-Xilene","µg/m≥","29/10/2021","13","0.030","1"
"Pisticci","p-Xilene","µg/m≥","29/10/2021","14","0.020","1"
"Pisticci","p-Xilene","µg/m≥","29/10/2021","15","0.030","1"
"Pisticci","p-Xilene","µg/m≥","29/10/2021","16","0.030","1"
"Pisticci","p-Xilene","µg/m≥","29/10/2021","17","0.010","1"
"Pisticci","p-Xilene","µg/m≥","29/10/2021","18","0.320","1"
"Pisticci","p-Xilene","µg/m≥","29/10/2021","19","0.100","1"
"Pisticci","p-Xilene","µg/m≥","29/10/2021","20","0.140","1"
"Pisticci","p-Xilene","µg/m≥","29/10/2021","21","0.090","1"
"Pisticci","p-Xilene","µg/m≥","29/10/2021","22","0.120","1"
"Pisticci","p-Xilene","µg/m≥","29/10/2021","23","0.180","1"
"Pisticci","p-Xilene","µg/m≥","29/10/2021","24","0.040","1"
"Pisticci","p-Xilene","µg/m≥","30/10/2021","01","0.070","1"
"Pisticci","p-Xilene","µg/m≥","30/10/2021","02","0.050","1"
"Pisticci","p-Xilene","µg/m≥","30/10/2021","03","0.050","1"
"Pisticci","p-Xilene","µg/m≥","30/10/2021","04","0.110","1"
"Pisticci","p-Xilene","µg/m≥","30/10/2021","05","0.060","1"
"Pisticci","p-Xilene","µg/m≥","30/10/2021","06","0.060","1"
"Pisticci","p-Xilene","µg/m≥","30/10/2021","07","0.120","1"
"Pisticci","p-Xilene","µg/m≥","30/10/2021","08","0.380","1"
"Pisticci","p-Xilene","µg/m≥","30/10/2021","09","0.070","1"
"Pisticci","p-Xilene","µg/m≥","30/10/2021","10","0.090","1"
"Pisticci","p-Xilene","µg/m≥","30/10/2021","11","0.090","1"
"Pisticci","p-Xilene","µg/m≥","30/10/2021","12","0.030","1"
"Pisticci","p-Xilene","µg/m≥","30/10/2021","13","0.040","1"
"Pisticci","p-Xilene","µg/m≥","30/10/2021","14","0.040","1"
"Pisticci","p-Xilene","µg/m≥","30/10/2021","15","0.040","1"
"Pisticci","p-Xilene","µg/m≥","30/10/2021","16","0.050","1"
"Pisticci","p-Xilene","µg/m≥","30/10/2021","17","0.050","1"
"Pisticci","p-Xilene","µg/m≥","30/10/2021","18","0.030","1"
"Pisticci","p-Xilene","µg/m≥","30/10/2021","19","0.560","1"
"Pisticci","p-Xilene","µg/m≥","30/10/2021","20","0.680","1"
"Pisticci","p-Xilene","µg/m≥","30/10/2021","21","0.290","1"
"Pisticci","p-Xilene","µg/m≥","30/10/2021","22","0.270","1"
"Pisticci","p-Xilene","µg/m≥","30/10/2021","23","0.610","1"
"Pisticci","p-Xilene","µg/m≥","30/10/2021","24","0.360","1"
"Pisticci","p-Xilene","µg/m≥","31/10/2021","01","0.220","1"
"Pisticci","p-Xilene","µg/m≥","31/10/2021","02","0.260","1"
"Pisticci","p-Xilene","µg/m≥","31/10/2021","03","0.250","1"
"Pisticci","p-Xilene","µg/m≥","31/10/2021","04","0.070","1"
"Pisticci","p-Xilene","µg/m≥","31/10/2021","05","0.250","1"
"Pisticci","p-Xilene","µg/m≥","31/10/2021","06","0.320","1"
"Pisticci","p-Xilene","µg/m≥","31/10/2021","07","0.400","1"
"Pisticci","p-Xilene","µg/m≥","31/10/2021","08","0.300","1"
"Pisticci","p-Xilene","µg/m≥","31/10/2021","09","0.210","1"
"Pisticci","p-Xilene","µg/m≥","31/10/2021","10","0.100","1"
"Pisticci","p-Xilene","µg/m≥","31/10/2021","11","0.120","1"
"Pisticci","p-Xilene","µg/m≥","31/10/2021","12","0.230","1"
"Pisticci","p-Xilene","µg/m≥","31/10/2021","13","0.070","1"
"Pisticci","p-Xilene","µg/m≥","31/10/2021","14","0.050","1"
"Pisticci","p-Xilene","µg/m≥","31/10/2021","15","0.030","1"
"Pisticci","p-Xilene","µg/m≥","31/10/2021","16","0.010","1"
"Pisticci","p-Xilene","µg/m≥","31/10/2021","17","0.010","1"
"Pisticci","p-Xilene","µg/m≥","31/10/2021","18","0.090","1"
"Pisticci","p-Xilene","µg/m≥","31/10/2021","19","0.180","1"
"Pisticci","p-Xilene","µg/m≥","31/10/2021","20","0.690","1"
"Pisticci","p-Xilene","µg/m≥","31/10/2021","21","0.460","1"
"Pisticci","p-Xilene","µg/m≥","31/10/2021","22","0.700","1"
"Pisticci","p-Xilene","µg/m≥","31/10/2021","23","0.250","1"
"Pisticci","p-Xilene","µg/m≥","31/10/2021","24","0.470","1"
"Pisticci","p-Xilene","µg/m≥","01/11/2021","01","0.340","1"
"Pisticci","p-Xilene","µg/m≥","01/11/2021","02","0.190","1"
"Pisticci","p-Xilene","µg/m≥","01/11/2021","03","0.200","1"
"Pisticci","p-Xilene","µg/m≥","01/11/2021","04","0.160","1"
"Pisticci","p-Xilene","µg/m≥","01/11/2021","05","0.050","1"
"Pisticci","p-Xilene","µg/m≥","01/11/2021","06","0.120","1"
"Pisticci","p-Xilene","µg/m≥","01/11/2021","07","0.240","1"
"Pisticci","p-Xilene","µg/m≥","01/11/2021","08","0.200","1"
"Pisticci","p-Xilene","µg/m≥","01/11/2021","09","0.140","1"
"Pisticci","p-Xilene","µg/m≥","01/11/2021","10","0.140","1"
"Pisticci","p-Xilene","µg/m≥","01/11/2021","11","1.480","1"
"Pisticci","p-Xilene","µg/m≥","01/11/2021","12","0.050","1"
"Pisticci","p-Xilene","µg/m≥","01/11/2021","13","0.180","1"
"Pisticci","p-Xilene","µg/m≥","01/11/2021","14","0.020","1"
"Pisticci","p-Xilene","µg/m≥","01/11/2021","15","0.020","1"
"Pisticci","p-Xilene","µg/m≥","01/11/2021","16","0.010","1"
"Pisticci","p-Xilene","µg/m≥","01/11/2021","17","0.090","1"
"Pisticci","p-Xilene","µg/m≥","01/11/2021","18","0.020","1"
"Pisticci","p-Xilene","µg/m≥","01/11/2021","19","0.020","1"
"Pisticci","p-Xilene","µg/m≥","01/11/2021","20","0.010","1"
"Pisticci","p-Xilene","µg/m≥","01/11/2021","21","0.010","1"
"Pisticci","p-Xilene","µg/m≥","01/11/2021","22","0.010","1"
"Pisticci","p-Xilene","µg/m≥","01/11/2021","23","0.070","1"
"Pisticci","p-Xilene","µg/m≥","01/11/2021","24","0.010","1"
"Pisticci","p-Xilene","µg/m≥","02/11/2021","01","0.020","1"
"Pisticci","p-Xilene","µg/m≥","02/11/2021","02","0.010","1"
"Pisticci","p-Xilene","µg/m≥","02/11/2021","03","0.040","1"
"Pisticci","p-Xilene","µg/m≥","02/11/2021","04","0.080","1"
"Pisticci","p-Xilene","µg/m≥","02/11/2021","05","0.210","1"
"Pisticci","p-Xilene","µg/m≥","02/11/2021","06","0.010","1"
"Pisticci","p-Xilene","µg/m≥","02/11/2021","07","0.020","1"
"Pisticci","p-Xilene","µg/m≥","02/11/2021","08","0.030","1"
"Pisticci","p-Xilene","µg/m≥","02/11/2021","09","0.010","1"
"Pisticci","p-Xilene","µg/m≥","02/11/2021","10","0.040","1"
"Pisticci","p-Xilene","µg/m≥","02/11/2021","11","0.270","1"
"Pisticci","p-Xilene","µg/m≥","02/11/2021","12","0.070","1"
"Pisticci","p-Xilene","µg/m≥","02/11/2021","13","0.040","1"
"Pisticci","p-Xilene","µg/m≥","02/11/2021","14","0.060","1"
"Pisticci","p-Xilene","µg/m≥","02/11/2021","15","0.020","1"
"Pisticci","p-Xilene","µg/m≥","02/11/2021","16","0.020","1"
"Pisticci","p-Xilene","µg/m≥","02/11/2021","17","0.010","1"
"Pisticci","p-Xilene","µg/m≥","02/11/2021","18","0.010","1"
"Pisticci","p-Xilene","µg/m≥","02/11/2021","19","0.020","1"
"Pisticci","p-Xilene","µg/m≥","02/11/2021","20","0.010","1"
"Pisticci","p-Xilene","µg/m≥","02/11/2021","21","0.050","1"
"Pisticci","p-Xilene","µg/m≥","02/11/2021","22","0.070","1"
"Pisticci","p-Xilene","µg/m≥","02/11/2021","23","0.090","1"
"Pisticci","p-Xilene","µg/m≥","02/11/2021","24","0.090","1"
"Pisticci","p-Xilene","µg/m≥","03/11/2021","01","0.250","1"
"Pisticci","p-Xilene","µg/m≥","03/11/2021","02","0.130","1"
"Pisticci","p-Xilene","µg/m≥","03/11/2021","03","0.070","1"
"Pisticci","p-Xilene","µg/m≥","03/11/2021","04","0.110","1"
"Pisticci","p-Xilene","µg/m≥","03/11/2021","05","0.070","1"
"Pisticci","p-Xilene","µg/m≥","03/11/2021","06","0.260","1"
"Pisticci","p-Xilene","µg/m≥","03/11/2021","07","0.130","1"
"Pisticci","p-Xilene","µg/m≥","03/11/2021","08","0.090","1"
"Pisticci","p-Xilene","µg/m≥","03/11/2021","09","0.140","1"
"Pisticci","p-Xilene","µg/m≥","03/11/2021","10","0.490","1"
"Pisticci","p-Xilene","µg/m≥","03/11/2021","11","0.750","1"
"Pisticci","p-Xilene","µg/m≥","03/11/2021","12","0.040","1"
"Pisticci","p-Xilene","µg/m≥","03/11/2021","13","0.300","1"
"Pisticci","p-Xilene","µg/m≥","03/11/2021","14","0.270","1"
"Pisticci","p-Xilene","µg/m≥","03/11/2021","15","0.070","1"
"Pisticci","p-Xilene","µg/m≥","03/11/2021","16","0.090","1"
"Pisticci","p-Xilene","µg/m≥","03/11/2021","17","0.080","1"
"Pisticci","p-Xilene","µg/m≥","03/11/2021","18","0.350","1"
"Pisticci","p-Xilene","µg/m≥","03/11/2021","19","0.090","1"
"Pisticci","p-Xilene","µg/m≥","03/11/2021","20","0.320","1"
"Pisticci","p-Xilene","µg/m≥","03/11/2021","21","0.120","1"
"Pisticci","p-Xilene","µg/m≥","03/11/2021","22","0.340","1"
"Pisticci","p-Xilene","µg/m≥","03/11/2021","23","0.610","1"
"Pisticci","p-Xilene","µg/m≥","03/11/2021","24","0.200","1"
"Pisticci","p-Xilene","µg/m≥","04/11/2021","01","0.110","1"
"Pisticci","p-Xilene","µg/m≥","04/11/2021","02","0.020","1"
"Pisticci","p-Xilene","µg/m≥","04/11/2021","03","0.030","1"
"Pisticci","p-Xilene","µg/m≥","04/11/2021","04","0.030","1"
"Pisticci","p-Xilene","µg/m≥","04/11/2021","05","0.020","1"
"Pisticci","p-Xilene","µg/m≥","04/11/2021","06","0.070","1"
"Pisticci","p-Xilene","µg/m≥","04/11/2021","07","0.020","1"
"Pisticci","p-Xilene","µg/m≥","04/11/2021","08","0.050","1"
"Pisticci","p-Xilene","µg/m≥","04/11/2021","09","0.020","1"
"Pisticci","p-Xilene","µg/m≥","04/11/2021","10","0.270","1"
"Pisticci","p-Xilene","µg/m≥","04/11/2021","11","0.150","1"
"Pisticci","p-Xilene","µg/m≥","04/11/2021","12","0.290","1"
"Pisticci","p-Xilene","µg/m≥","04/11/2021","13","0.100","1"
"Pisticci","p-Xilene","µg/m≥","04/11/2021","14","0.020","1"
"Pisticci","p-Xilene","µg/m≥","04/11/2021","15","0.030","1"
"Pisticci","p-Xilene","µg/m≥","04/11/2021","16","0.030","1"
"Pisticci","p-Xilene","µg/m≥","04/11/2021","17","0.030","1"
"Pisticci","p-Xilene","µg/m≥","04/11/2021","18","0.450","1"
"Pisticci","p-Xilene","µg/m≥","04/11/2021","19","0.050","1"
"Pisticci","p-Xilene","µg/m≥","04/11/2021","20","0.040","1"
"Pisticci","p-Xilene","µg/m≥","04/11/2021","21","0.050","1"
"Pisticci","p-Xilene","µg/m≥","04/11/2021","22","0.050","1"
"Pisticci","p-Xilene","µg/m≥","04/11/2021","23","0.070","1"
"Pisticci","p-Xilene","µg/m≥","04/11/2021","24","0.370","1"
"Pisticci","p-Xilene","µg/m≥","05/11/2021","01","0.330","1"
"Pisticci","p-Xilene","µg/m≥","05/11/2021","02","0.110","1"
"Pisticci","p-Xilene","µg/m≥","05/11/2021","03","0.120","1"
"Pisticci","p-Xilene","µg/m≥","05/11/2021","04","0.020","1"
"Pisticci","p-Xilene","µg/m≥","05/11/2021","05","0.070","1"
"Pisticci","p-Xilene","µg/m≥","05/11/2021","06","0.030","1"
"Pisticci","p-Xilene","µg/m≥","05/11/2021","07","0.040","1"
"Pisticci","p-Xilene","µg/m≥","05/11/2021","08","0.170","1"
"Pisticci","p-Xilene","µg/m≥","05/11/2021","09","0.050","1"
"Pisticci","p-Xilene","µg/m≥","05/11/2021","10","0.150","1"
"Pisticci","p-Xilene","µg/m≥","05/11/2021","11","0.520","1"
"Pisticci","p-Xilene","µg/m≥","05/11/2021","12","0.570","1"
"Pisticci","p-Xilene","µg/m≥","05/11/2021","13","0.430","1"
"Pisticci","p-Xilene","µg/m≥","05/11/2021","14","0.050","1"
"Pisticci","p-Xilene","µg/m≥","05/11/2021","15","0.090","1"
"Pisticci","p-Xilene","µg/m≥","05/11/2021","16","0.070","1"
"Pisticci","p-Xilene","µg/m≥","05/11/2021","17","0.170","1"
"Pisticci","p-Xilene","µg/m≥","05/11/2021","18","0.500","1"
"Pisticci","p-Xilene","µg/m≥","05/11/2021","19","0.660","1"
"Pisticci","p-Xilene","µg/m≥","05/11/2021","20","0.350","1"
"Pisticci","p-Xilene","µg/m≥","05/11/2021","21","0.750","1"
"Pisticci","p-Xilene","µg/m≥","05/11/2021","22","0.080","1"
"Pisticci","p-Xilene","µg/m≥","05/11/2021","23","0.060","1"
"Pisticci","p-Xilene","µg/m≥","05/11/2021","24","0.130","1"
"Pisticci","p-Xilene","µg/m≥","06/11/2021","01","0.120","1"
"Pisticci","p-Xilene","µg/m≥","06/11/2021","02","0.040","1"
"Pisticci","p-Xilene","µg/m≥","06/11/2021","03","0.030","1"
"Pisticci","p-Xilene","µg/m≥","06/11/2021","04","0.030","1"
"Pisticci","p-Xilene","µg/m≥","06/11/2021","05","0.050","1"
"Pisticci","p-Xilene","µg/m≥","06/11/2021","06","0.070","1"
"Pisticci","p-Xilene","µg/m≥","06/11/2021","07","0.100","1"
"Pisticci","p-Xilene","µg/m≥","06/11/2021","08","0.050","1"
"Pisticci","p-Xilene","µg/m≥","06/11/2021","09","0.140","1"
"Pisticci","p-Xilene","µg/m≥","06/11/2021","10","0.050","1"
"Pisticci","p-Xilene","µg/m≥","06/11/2021","11","0.320","1"
"Pisticci","p-Xilene","µg/m≥","06/11/2021","12","0.230","1"
"Pisticci","p-Xilene","µg/m≥","06/11/2021","13","0.050","1"
"Pisticci","p-Xilene","µg/m≥","06/11/2021","14","0.070","1"
"Pisticci","p-Xilene","µg/m≥","06/11/2021","15","0.120","1"
"Pisticci","p-Xilene","µg/m≥","06/11/2021","16","0.070","1"
"Pisticci","p-Xilene","µg/m≥","06/11/2021","17","0.090","1"
"Pisticci","p-Xilene","µg/m≥","06/11/2021","18","0.180","1"
"Pisticci","p-Xilene","µg/m≥","06/11/2021","19","0.080","1"
"Pisticci","p-Xilene","µg/m≥","06/11/2021","20","0.150","1"
"Pisticci","p-Xilene","µg/m≥","06/11/2021","21","0.360","1"
"Pisticci","p-Xilene","µg/m≥","06/11/2021","22","0.210","1"
"Pisticci","p-Xilene","µg/m≥","06/11/2021","23","0.190","1"
"Pisticci","p-Xilene","µg/m≥","06/11/2021","24","0.140","1"
"Pisticci","p-Xilene","µg/m≥","07/11/2021","01","0.180","1"
"Pisticci","p-Xilene","µg/m≥","07/11/2021","02","0.060","1"
"Pisticci","p-Xilene","µg/m≥","07/11/2021","03","0.240","1"
"Pisticci","p-Xilene","µg/m≥","07/11/2021","04","0.200","1"
"Pisticci","p-Xilene","µg/m≥","07/11/2021","05","0.040","1"
"Pisticci","p-Xilene","µg/m≥","07/11/2021","06","0.040","1"
"Pisticci","p-Xilene","µg/m≥","07/11/2021","07","0.040","1"
"Pisticci","p-Xilene","µg/m≥","07/11/2021","08","0.200","1"
"Pisticci","p-Xilene","µg/m≥","07/11/2021","09","0.040","1"
"Pisticci","p-Xilene","µg/m≥","07/11/2021","10","0.040","1"
"Pisticci","p-Xilene","µg/m≥","07/11/2021","11","0.050","1"
"Pisticci","p-Xilene","µg/m≥","07/11/2021","12","0.060","1"
"Pisticci","p-Xilene","µg/m≥","07/11/2021","13","0.320","1"
"Pisticci","p-Xilene","µg/m≥","07/11/2021","14","0.040","1"
"Pisticci","p-Xilene","µg/m≥","07/11/2021","15","0.040","1"
"Pisticci","p-Xilene","µg/m≥","07/11/2021","16","0.020","1"
"Pisticci","p-Xilene","µg/m≥","07/11/2021","17","0.040","1"
"Pisticci","p-Xilene","µg/m≥","07/11/2021","18","0.060","1"
"Pisticci","p-Xilene","µg/m≥","07/11/2021","19","0.270","1"
"Pisticci","p-Xilene","µg/m≥","07/11/2021","20","0.120","1"
"Pisticci","p-Xilene","µg/m≥","07/11/2021","21","0.080","1"
"Pisticci","p-Xilene","µg/m≥","07/11/2021","22","0.170","1"
"Pisticci","p-Xilene","µg/m≥","07/11/2021","23","0.270","1"
"Pisticci","p-Xilene","µg/m≥","07/11/2021","24","0.040","1"
"Pisticci","p-Xilene","µg/m≥","08/11/2021","01","0.190","1"
"Pisticci","p-Xilene","µg/m≥","08/11/2021","02","0.100","1"
"Pisticci","p-Xilene","µg/m≥","08/11/2021","03","0.030","1"
"Pisticci","p-Xilene","µg/m≥","08/11/2021","04","0.030","1"
"Pisticci","p-Xilene","µg/m≥","08/11/2021","05","0.040","1"
"Pisticci","p-Xilene","µg/m≥","08/11/2021","06","0.030","1"
"Pisticci","p-Xilene","µg/m≥","08/11/2021","07","0.070","1"
"Pisticci","p-Xilene","µg/m≥","08/11/2021","08","0.120","1"
"Pisticci","p-Xilene","µg/m≥","08/11/2021","09","0.030","1"
"Pisticci","p-Xilene","µg/m≥","08/11/2021","10","0.320","1"
"Pisticci","p-Xilene","µg/m≥","08/11/2021","11","0.050","1"
"Pisticci","p-Xilene","µg/m≥","08/11/2021","12","0.190","1"
"Pisticci","p-Xilene","µg/m≥","08/11/2021","13","0.020","1"
"Pisticci","p-Xilene","µg/m≥","08/11/2021","14","0.030","1"
"Pisticci","p-Xilene","µg/m≥","08/11/2021","15","0.130","1"
"Pisticci","p-Xilene","µg/m≥","08/11/2021","16","0.300","1"
"Pisticci","p-Xilene","µg/m≥","08/11/2021","17","0.340","1"
"Pisticci","p-Xilene","µg/m≥","08/11/2021","18","0.120","1"
"Pisticci","p-Xilene","µg/m≥","08/11/2021","19","0.140","1"
"Pisticci","p-Xilene","µg/m≥","08/11/2021","20","0.060","1"
"Pisticci","p-Xilene","µg/m≥","08/11/2021","21","0.040","1"
"Pisticci","p-Xilene","µg/m≥","08/11/2021","22","0.020","1"
"Pisticci","p-Xilene","µg/m≥","08/11/2021","23","0.090","1"
"Pisticci","p-Xilene","µg/m≥","08/11/2021","24","0.020","1"
"Pisticci","p-Xilene","µg/m≥","09/11/2021","01","0.030","1"
"Pisticci","p-Xilene","µg/m≥","09/11/2021","02","0.080","1"
"Pisticci","p-Xilene","µg/m≥","09/11/2021","03","0.020","1"
"Pisticci","p-Xilene","µg/m≥","09/11/2021","04","0.050","1"
"Pisticci","p-Xilene","µg/m≥","09/11/2021","05","0.030","1"
"Pisticci","p-Xilene","µg/m≥","09/11/2021","06","0.030","1"
"Pisticci","p-Xilene","µg/m≥","09/11/2021","07","0.010","1"
"Pisticci","p-Xilene","µg/m≥","09/11/2021","08","0.030","1"
"Pisticci","p-Xilene","µg/m≥","09/11/2021","09","0.050","1"
"Pisticci","p-Xilene","µg/m≥","09/11/2021","10","0.060","1"
"Pisticci","p-Xilene","µg/m≥","09/11/2021","11","0.050","1"
"Pisticci","p-Xilene","µg/m≥","09/11/2021","12","0.330","1"
"Pisticci","p-Xilene","µg/m≥","09/11/2021","13","0.090","1"
"Pisticci","p-Xilene","µg/m≥","09/11/2021","14","0.010","1"
"Pisticci","p-Xilene","µg/m≥","09/11/2021","15","0.050","1"
"Pisticci","p-Xilene","µg/m≥","09/11/2021","16","0.030","1"
"Pisticci","p-Xilene","µg/m≥","09/11/2021","17","0.030","1"
"Pisticci","p-Xilene","µg/m≥","09/11/2021","18","0.460","1"
"Pisticci","p-Xilene","µg/m≥","09/11/2021","19","0.030","1"
"Pisticci","p-Xilene","µg/m≥","09/11/2021","20","0.250","1"
"Pisticci","p-Xilene","µg/m≥","09/11/2021","21","0.670","1"
"Pisticci","p-Xilene","µg/m≥","09/11/2021","22","0.190","1"
"Pisticci","p-Xilene","µg/m≥","09/11/2021","23","0.280","1"
"Pisticci","p-Xilene","µg/m≥","09/11/2021","24","0.250","1"
"Pisticci","p-Xilene","µg/m≥","10/11/2021","01","0.450","1"
"Pisticci","p-Xilene","µg/m≥","10/11/2021","02","0.630","1"
"Pisticci","p-Xilene","µg/m≥","10/11/2021","03","0.490","1"
"Pisticci","p-Xilene","µg/m≥","10/11/2021","04","0.280","1"
"Pisticci","p-Xilene","µg/m≥","10/11/2021","05","0.260","1"
"Pisticci","p-Xilene","µg/m≥","10/11/2021","06","0.150","1"
"Pisticci","p-Xilene","µg/m≥","10/11/2021","07","0.160","1"
"Pisticci","p-Xilene","µg/m≥","10/11/2021","08","0.040","1"
"Pisticci","p-Xilene","µg/m≥","10/11/2021","09","0.150","1"
"Pisticci","p-Xilene","µg/m≥","10/11/2021","10","0.140","1"
"Pisticci","p-Xilene","µg/m≥","10/11/2021","11","0.310","1"
"Pisticci","p-Xilene","µg/m≥","10/11/2021","12","0.100","1"
"Pisticci","p-Xilene","µg/m≥","10/11/2021","13","-9999","-1"
"Pisticci","p-Xilene","µg/m≥","10/11/2021","14","0.520","1"
"Pisticci","p-Xilene","µg/m≥","10/11/2021","15","0.050","1"
"Pisticci","p-Xilene","µg/m≥","10/11/2021","16","0.030","1"
"Pisticci","p-Xilene","µg/m≥","10/11/2021","17","0.020","1"
"Pisticci","p-Xilene","µg/m≥","10/11/2021","18","0.430","1"
"Pisticci","p-Xilene","µg/m≥","10/11/2021","19","0.440","1"
"Pisticci","p-Xilene","µg/m≥","10/11/2021","20","0.300","1"
"Pisticci","p-Xilene","µg/m≥","10/11/2021","21","0.130","1"
"Pisticci","p-Xilene","µg/m≥","10/11/2021","22","0.040","1"
"Pisticci","p-Xilene","µg/m≥","10/11/2021","23","0.020","1"
"Pisticci","p-Xilene","µg/m≥","10/11/2021","24","0.040","1"
"Pisticci","p-Xilene","µg/m≥","11/11/2021","01","0.050","1"
"Pisticci","p-Xilene","µg/m≥","11/11/2021","02","0.120","1"
"Pisticci","p-Xilene","µg/m≥","11/11/2021","03","0.130","1"
"Pisticci","p-Xilene","µg/m≥","11/11/2021","04","0.280","1"
"Pisticci","p-Xilene","µg/m≥","11/11/2021","05","0.350","1"
"Pisticci","p-Xilene","µg/m≥","11/11/2021","06","0.170","1"
"Pisticci","p-Xilene","µg/m≥","11/11/2021","07","0.170","1"
"Pisticci","p-Xilene","µg/m≥","11/11/2021","08","0.380","1"
"Pisticci","p-Xilene","µg/m≥","11/11/2021","09","0.400","1"
"Pisticci","p-Xilene","µg/m≥","11/11/2021","10","0.370","1"
"Pisticci","p-Xilene","µg/m≥","11/11/2021","11","0.420","1"
"Pisticci","p-Xilene","µg/m≥","11/11/2021","12","0.400","1"
"Pisticci","p-Xilene","µg/m≥","11/11/2021","13","0.110","1"
"Pisticci","p-Xilene","µg/m≥","11/11/2021","14","0.120","1"
"Pisticci","p-Xilene","µg/m≥","11/11/2021","15","0.030","1"
"Pisticci","p-Xilene","µg/m≥","11/11/2021","16","0.040","1"
"Pisticci","p-Xilene","µg/m≥","11/11/2021","17","0.030","1"
"Pisticci","p-Xilene","µg/m≥","11/11/2021","18","0.190","1"
"Pisticci","p-Xilene","µg/m≥","11/11/2021","19","0.620","1"
"Pisticci","p-Xilene","µg/m≥","11/11/2021","20","0.470","1"
"Pisticci","p-Xilene","µg/m≥","11/11/2021","21","0.420","1"
"Pisticci","p-Xilene","µg/m≥","11/11/2021","22","0.310","1"
"Pisticci","p-Xilene","µg/m≥","11/11/2021","23","0.300","1"
"Pisticci","p-Xilene","µg/m≥","11/11/2021","24","0.500","1"
"Pisticci","p-Xilene","µg/m≥","12/11/2021","01","0.530","1"
"Pisticci","p-Xilene","µg/m≥","12/11/2021","02","0.570","1"
"Pisticci","p-Xilene","µg/m≥","12/11/2021","03","0.570","1"
"Pisticci","p-Xilene","µg/m≥","12/11/2021","04","0.590","1"
"Pisticci","p-Xilene","µg/m≥","12/11/2021","05","0.260","1"
"Pisticci","p-Xilene","µg/m≥","12/11/2021","06","0.080","1"
"Pisticci","p-Xilene","µg/m≥","12/11/2021","07","0.220","1"
"Pisticci","p-Xilene","µg/m≥","12/11/2021","08","0.500","1"
"Pisticci","p-Xilene","µg/m≥","12/11/2021","09","0.440","1"
"Pisticci","p-Xilene","µg/m≥","12/11/2021","10","0.180","1"
"Pisticci","p-Xilene","µg/m≥","12/11/2021","11","0.340","1"
"Pisticci","p-Xilene","µg/m≥","12/11/2021","12","0.390","1"
"Pisticci","p-Xilene","µg/m≥","12/11/2021","13","0.140","1"
"Pisticci","p-Xilene","µg/m≥","12/11/2021","14","0.090","1"
"Pisticci","p-Xilene","µg/m≥","12/11/2021","15","0.020","1"
"Pisticci","p-Xilene","µg/m≥","12/11/2021","16","0.070","1"
"Pisticci","p-Xilene","µg/m≥","12/11/2021","17","0.090","1"
"Pisticci","p-Xilene","µg/m≥","12/11/2021","18","0.220","1"
"Pisticci","p-Xilene","µg/m≥","12/11/2021","19","0.510","1"
"Pisticci","p-Xilene","µg/m≥","12/11/2021","20","3.170","1"
"Pisticci","p-Xilene","µg/m≥","12/11/2021","21","0.400","1"
"Pisticci","p-Xilene","µg/m≥","12/11/2021","22","0.090","1"
"Pisticci","p-Xilene","µg/m≥","12/11/2021","23","0.160","1"
"Pisticci","p-Xilene","µg/m≥","12/11/2021","24","0.330","1"
"Pisticci","p-Xilene","µg/m≥","13/11/2021","01","0.130","1"
"Pisticci","p-Xilene","µg/m≥","13/11/2021","02","0.290","1"
"Pisticci","p-Xilene","µg/m≥","13/11/2021","03","0.200","1"
"Pisticci","p-Xilene","µg/m≥","13/11/2021","04","0.210","1"
"Pisticci","p-Xilene","µg/m≥","13/11/2021","05","0.160","1"
"Pisticci","p-Xilene","µg/m≥","13/11/2021","06","0.130","1"
"Pisticci","p-Xilene","µg/m≥","13/11/2021","07","0.020","1"
"Pisticci","p-Xilene","µg/m≥","13/11/2021","08","0.080","1"
"Pisticci","p-Xilene","µg/m≥","13/11/2021","09","0.050","1"
"Pisticci","p-Xilene","µg/m≥","13/11/2021","10","0.050","1"
"Pisticci","p-Xilene","µg/m≥","13/11/2021","11","0.040","1"
"Pisticci","p-Xilene","µg/m≥","13/11/2021","12","0.050","1"
"Pisticci","p-Xilene","µg/m≥","13/11/2021","13","0.060","1"
"Pisticci","p-Xilene","µg/m≥","13/11/2021","14","0.010","1"
"Pisticci","p-Xilene","µg/m≥","13/11/2021","15","0.030","1"
"Pisticci","p-Xilene","µg/m≥","13/11/2021","16","0.020","1"
"Pisticci","p-Xilene","µg/m≥","13/11/2021","17","0.170","1"
"Pisticci","p-Xilene","µg/m≥","13/11/2021","18","0.040","1"
"Pisticci","p-Xilene","µg/m≥","13/11/2021","19","0.280","1"
"Pisticci","p-Xilene","µg/m≥","13/11/2021","20","0.220","1"
"Pisticci","p-Xilene","µg/m≥","13/11/2021","21","0.090","1"
"Pisticci","p-Xilene","µg/m≥","13/11/2021","22","0.080","1"
"Pisticci","p-Xilene","µg/m≥","13/11/2021","23","0.050","1"
"Pisticci","p-Xilene","µg/m≥","13/11/2021","24","0.040","1"
"Pisticci","p-Xilene","µg/m≥","14/11/2021","01","0.150","1"
"Pisticci","p-Xilene","µg/m≥","14/11/2021","02","0.050","1"
"Pisticci","p-Xilene","µg/m≥","14/11/2021","03","0.050","1"
"Pisticci","p-Xilene","µg/m≥","14/11/2021","04","0.020","1"
"Pisticci","p-Xilene","µg/m≥","14/11/2021","05","0.010","1"
"Pisticci","p-Xilene","µg/m≥","14/11/2021","06","0.040","1"
"Pisticci","p-Xilene","µg/m≥","14/11/2021","07","0.050","1"
"Pisticci","p-Xilene","µg/m≥","14/11/2021","08","0.030","1"
"Pisticci","p-Xilene","µg/m≥","14/11/2021","09","0.020","1"
"Pisticci","p-Xilene","µg/m≥","14/11/2021","10","0.020","1"
"Pisticci","p-Xilene","µg/m≥","14/11/2021","11","0.050","1"
"Pisticci","p-Xilene","µg/m≥","14/11/2021","12","0.020","1"
"Pisticci","p-Xilene","µg/m≥","14/11/2021","13","0.040","1"
"Pisticci","p-Xilene","µg/m≥","14/11/2021","14","0.040","1"
"Pisticci","p-Xilene","µg/m≥","14/11/2021","15","0.020","1"
"Pisticci","p-Xilene","µg/m≥","14/11/2021","16","0.180","1"
"Pisticci","p-Xilene","µg/m≥","14/11/2021","17","0.440","1"
"Pisticci","p-Xilene","µg/m≥","14/11/2021","18","0.040","1"
"Pisticci","p-Xilene","µg/m≥","14/11/2021","19","0.130","1"
"Pisticci","p-Xilene","µg/m≥","14/11/2021","20","1.160","1"
"Pisticci","p-Xilene","µg/m≥","14/11/2021","21","0.570","1"
"Pisticci","p-Xilene","µg/m≥","14/11/2021","22","0.540","1"
"Pisticci","p-Xilene","µg/m≥","14/11/2021","23","0.190","1"
"Pisticci","p-Xilene","µg/m≥","14/11/2021","24","0.170","1"
"Pisticci","p-Xilene","µg/m≥","15/11/2021","01","0.100","1"
"Pisticci","p-Xilene","µg/m≥","15/11/2021","02","0.030","1"
"Pisticci","p-Xilene","µg/m≥","15/11/2021","03","0.050","1"
"Pisticci","p-Xilene","µg/m≥","15/11/2021","04","0.020","1"
"Pisticci","p-Xilene","µg/m≥","15/11/2021","05","0.020","1"
"Pisticci","p-Xilene","µg/m≥","15/11/2021","06","0.030","1"
"Pisticci","p-Xilene","µg/m≥","15/11/2021","07","0.020","1"
"Pisticci","p-Xilene","µg/m≥","15/11/2021","08","0.020","1"
"Pisticci","p-Xilene","µg/m≥","15/11/2021","09","-9999","-1"
"Pisticci","p-Xilene","µg/m≥","15/11/2021","10","-9999","-1"
"Pisticci","p-Xilene","µg/m≥","15/11/2021","11","-9999","-1"
"Pisticci","p-Xilene","µg/m≥","15/11/2021","12","-9999","-1"
"Pisticci","p-Xilene","µg/m≥","15/11/2021","13","-9999","-1"
"Pisticci","p-Xilene","µg/m≥","15/11/2021","14","0.810","1"
"Pisticci","p-Xilene","µg/m≥","15/11/2021","15","0.520","1"
"Pisticci","p-Xilene","µg/m≥","15/11/2021","16","0.330","1"
"Pisticci","p-Xilene","µg/m≥","15/11/2021","17","0.060","1"
"Pisticci","p-Xilene","µg/m≥","15/11/2021","18","0.210","1"
"Pisticci","p-Xilene","µg/m≥","15/11/2021","19","0.070","1"
"Pisticci","p-Xilene","µg/m≥","15/11/2021","20","0.070","1"
"Pisticci","p-Xilene","µg/m≥","15/11/2021","21","0.040","1"
"Pisticci","p-Xilene","µg/m≥","15/11/2021","22","0.070","1"
"Pisticci","p-Xilene","µg/m≥","15/11/2021","23","0.070","1"
"Pisticci","p-Xilene","µg/m≥","15/11/2021","24","0.080","1"
"Pisticci","p-Xilene","µg/m≥","16/11/2021","01","0.060","1"
"Pisticci","p-Xilene","µg/m≥","16/11/2021","02","0.060","1"
"Pisticci","p-Xilene","µg/m≥","16/11/2021","03","0.070","1"
"Pisticci","p-Xilene","µg/m≥","16/11/2021","04","0.100","1"
"Pisticci","p-Xilene","µg/m≥","16/11/2021","05","0.060","1"
"Pisticci","p-Xilene","µg/m≥","16/11/2021","06","0.100","1"
"Pisticci","p-Xilene","µg/m≥","16/11/2021","07","0.120","1"
"Pisticci","p-Xilene","µg/m≥","16/11/2021","08","0.180","1"
"Pisticci","p-Xilene","µg/m≥","16/11/2021","09","0.050","1"
"Pisticci","p-Xilene","µg/m≥","16/11/2021","10","0.050","1"
"Pisticci","p-Xilene","µg/m≥","16/11/2021","11","0.010","1"
"Pisticci","p-Xilene","µg/m≥","16/11/2021","12","0.000","1"
"Pisticci","p-Xilene","µg/m≥","16/11/2021","13","0.010","1"
"Pisticci","p-Xilene","µg/m≥","16/11/2021","14","0.000","1"
"Pisticci","p-Xilene","µg/m≥","16/11/2021","15","0.030","1"
"Pisticci","p-Xilene","µg/m≥","16/11/2021","16","0.010","-1"
"Pisticci","p-Xilene","µg/m≥","16/11/2021","17","0.060","-1"
"Pisticci","p-Xilene","µg/m≥","16/11/2021","18","0.010","-1"
"Pisticci","p-Xilene","µg/m≥","16/11/2021","19","0.050","-1"
"Pisticci","p-Xilene","µg/m≥","16/11/2021","20","0.100","-1"
"Pisticci","p-Xilene","µg/m≥","16/11/2021","21","0.140","-1"
"Pisticci","p-Xilene","µg/m≥","16/11/2021","22","0.030","-1"
"Pisticci","p-Xilene","µg/m≥","16/11/2021","23","0.040","-1"
"Pisticci","p-Xilene","µg/m≥","16/11/2021","24","0.020","-1"
"Pisticci","p-Xilene","µg/m≥","17/11/2021","01","0.120","-1"
"Pisticci","p-Xilene","µg/m≥","17/11/2021","02","0.010","-1"
"Pisticci","p-Xilene","µg/m≥","17/11/2021","03","0.010","-1"
"Pisticci","p-Xilene","µg/m≥","17/11/2021","04","0.020","-1"
"Pisticci","p-Xilene","µg/m≥","17/11/2021","05","0.030","-1"
"Pisticci","p-Xilene","µg/m≥","17/11/2021","06","0.060","-1"
"Pisticci","p-Xilene","µg/m≥","17/11/2021","07","0.140","-1"
"Pisticci","p-Xilene","µg/m≥","17/11/2021","08","0.030","-1"
"Pisticci","p-Xilene","µg/m≥","17/11/2021","09","-9999","-1"
"Pisticci","p-Xilene","µg/m≥","17/11/2021","10","-9999","-1"
"Pisticci","p-Xilene","µg/m≥","17/11/2021","11","-9999","-1"
"Pisticci","p-Xilene","µg/m≥","17/11/2021","12","-9999","-1"
"Pisticci","p-Xilene","µg/m≥","17/11/2021","13","-9999","-1"
"Pisticci","p-Xilene","µg/m≥","17/11/2021","14","-9999","-1"
"Pisticci","p-Xilene","µg/m≥","17/11/2021","15","-9999","-1"
"Pisticci","p-Xilene","µg/m≥","17/11/2021","16","-9999","-1"
"Pisticci","p-Xilene","µg/m≥","17/11/2021","17","-9999","-1"
"Pisticci","p-Xilene","µg/m≥","17/11/2021","18","-9999","-1"
"Pisticci","p-Xilene","µg/m≥","17/11/2021","19","-9999","-1"
"Pisticci","p-Xilene","µg/m≥","17/11/2021","20","-9999","-1"
"Pisticci","p-Xilene","µg/m≥","17/11/2021","21","0.250","1"
"Pisticci","p-Xilene","µg/m≥","17/11/2021","22","0.180","1"
"Pisticci","p-Xilene","µg/m≥","17/11/2021","23","0.050","1"
"Pisticci","p-Xilene","µg/m≥","17/11/2021","24","0.030","1"
"Pisticci","p-Xilene","µg/m≥","18/11/2021","01","0.020","1"
"Pisticci","p-Xilene","µg/m≥","18/11/2021","02","0.010","1"
"Pisticci","p-Xilene","µg/m≥","18/11/2021","03","0.020","1"
"Pisticci","p-Xilene","µg/m≥","18/11/2021","04","0.050","1"
"Pisticci","p-Xilene","µg/m≥","18/11/2021","05","0.010","1"
"Pisticci","p-Xilene","µg/m≥","18/11/2021","06","0.020","1"
"Pisticci","p-Xilene","µg/m≥","18/11/2021","07","0.020","1"
"Pisticci","p-Xilene","µg/m≥","18/11/2021","08","0.020","1"
"Pisticci","p-Xilene","µg/m≥","18/11/2021","09","0.030","1"
"Pisticci","p-Xilene","µg/m≥","18/11/2021","10","0.200","1"
"Pisticci","p-Xilene","µg/m≥","18/11/2021","11","0.240","1"
"Pisticci","p-Xilene","µg/m≥","18/11/2021","12","0.220","1"
"Pisticci","p-Xilene","µg/m≥","18/11/2021","13","0.180","1"
"Pisticci","p-Xilene","µg/m≥","18/11/2021","14","0.090","1"
"Pisticci","p-Xilene","µg/m≥","18/11/2021","15","0.060","1"
"Pisticci","p-Xilene","µg/m≥","18/11/2021","16","0.070","1"
"Pisticci","p-Xilene","µg/m≥","18/11/2021","17","0.080","1"
"Pisticci","p-Xilene","µg/m≥","18/11/2021","18","0.130","1"
"Pisticci","p-Xilene","µg/m≥","18/11/2021","19","0.210","1"
"Pisticci","p-Xilene","µg/m≥","18/11/2021","20","0.070","1"
"Pisticci","p-Xilene","µg/m≥","18/11/2021","21","0.140","1"
"Pisticci","p-Xilene","µg/m≥","18/11/2021","22","0.100","1"
"Pisticci","p-Xilene","µg/m≥","18/11/2021","23","0.130","1"
"Pisticci","p-Xilene","µg/m≥","18/11/2021","24","0.050","1"
"Pisticci","p-Xilene","µg/m≥","19/11/2021","01","0.090","1"
"Pisticci","p-Xilene","µg/m≥","19/11/2021","02","0.050","1"
"Pisticci","p-Xilene","µg/m≥","19/11/2021","03","0.060","1"
"Pisticci","p-Xilene","µg/m≥","19/11/2021","04","0.090","1"
"Pisticci","p-Xilene","µg/m≥","19/11/2021","05","0.080","1"
"Pisticci","p-Xilene","µg/m≥","19/11/2021","06","0.080","1"
"Pisticci","p-Xilene","µg/m≥","19/11/2021","07","0.080","1"
"Pisticci","p-Xilene","µg/m≥","19/11/2021","08","0.060","1"
"Pisticci","p-Xilene","µg/m≥","19/11/2021","09","0.210","1"
"Pisticci","p-Xilene","µg/m≥","19/11/2021","10","0.450","1"
"Pisticci","p-Xilene","µg/m≥","19/11/2021","11","0.390","1"
"Pisticci","p-Xilene","µg/m≥","19/11/2021","12","0.030","1"
"Pisticci","p-Xilene","µg/m≥","19/11/2021","13","0.090","1"
"Pisticci","p-Xilene","µg/m≥","19/11/2021","14","0.090","1"
"Pisticci","p-Xilene","µg/m≥","19/11/2021","15","0.060","1"
"Pisticci","p-Xilene","µg/m≥","19/11/2021","16","0.010","1"
"Pisticci","p-Xilene","µg/m≥","19/11/2021","17","0.130","1"
"Pisticci","p-Xilene","µg/m≥","19/11/2021","18","0.090","1"
"Pisticci","p-Xilene","µg/m≥","19/11/2021","19","0.040","1"
"Pisticci","p-Xilene","µg/m≥","19/11/2021","20","0.200","1"
"Pisticci","p-Xilene","µg/m≥","19/11/2021","21","0.220","1"
"Pisticci","p-Xilene","µg/m≥","19/11/2021","22","0.080","1"
"Pisticci","p-Xilene","µg/m≥","19/11/2021","23","0.010","1"
"Pisticci","p-Xilene","µg/m≥","19/11/2021","24","0.080","1"
"Pisticci","p-Xilene","µg/m≥","20/11/2021","01","0.130","1"
"Pisticci","p-Xilene","µg/m≥","20/11/2021","02","0.030","1"
"Pisticci","p-Xilene","µg/m≥","20/11/2021","03","0.130","1"
"Pisticci","p-Xilene","µg/m≥","20/11/2021","04","0.120","1"
"Pisticci","p-Xilene","µg/m≥","20/11/2021","05","0.050","1"
"Pisticci","p-Xilene","µg/m≥","20/11/2021","06","0.100","1"
"Pisticci","p-Xilene","µg/m≥","20/11/2021","07","0.150","1"
"Pisticci","p-Xilene","µg/m≥","20/11/2021","08","0.140","1"
"Pisticci","p-Xilene","µg/m≥","20/11/2021","09","0.130","1"
"Pisticci","p-Xilene","µg/m≥","20/11/2021","10","0.260","1"
"Pisticci","p-Xilene","µg/m≥","20/11/2021","11","0.170","1"
"Pisticci","p-Xilene","µg/m≥","20/11/2021","12","0.040","1"
"Pisticci","p-Xilene","µg/m≥","20/11/2021","13","0.010","1"
"Pisticci","p-Xilene","µg/m≥","20/11/2021","14","0.040","1"
"Pisticci","p-Xilene","µg/m≥","20/11/2021","15","0.010","1"
"Pisticci","p-Xilene","µg/m≥","20/11/2021","16","0.040","1"
"Pisticci","p-Xilene","µg/m≥","20/11/2021","17","0.030","1"
"Pisticci","p-Xilene","µg/m≥","20/11/2021","18","0.040","1"
"Pisticci","p-Xilene","µg/m≥","20/11/2021","19","0.150","1"
"Pisticci","p-Xilene","µg/m≥","20/11/2021","20","0.040","1"
"Pisticci","p-Xilene","µg/m≥","20/11/2021","21","0.020","1"
"Pisticci","p-Xilene","µg/m≥","20/11/2021","22","0.050","1"
"Pisticci","p-Xilene","µg/m≥","20/11/2021","23","0.020","1"
"Pisticci","p-Xilene","µg/m≥","20/11/2021","24","0.120","1"
"Pisticci","p-Xilene","µg/m≥","21/11/2021","01","0.090","1"
"Pisticci","p-Xilene","µg/m≥","21/11/2021","02","0.020","1"
"Pisticci","p-Xilene","µg/m≥","21/11/2021","03","0.050","1"
"Pisticci","p-Xilene","µg/m≥","21/11/2021","04","0.010","1"
"Pisticci","p-Xilene","µg/m≥","21/11/2021","05","0.020","1"
"Pisticci","p-Xilene","µg/m≥","21/11/2021","06","0.010","1"
"Pisticci","p-Xilene","µg/m≥","21/11/2021","07","0.050","1"
"Pisticci","p-Xilene","µg/m≥","21/11/2021","08","0.230","1"
"Pisticci","p-Xilene","µg/m≥","21/11/2021","09","0.210","1"
"Pisticci","p-Xilene","µg/m≥","21/11/2021","10","0.070","1"
"Pisticci","p-Xilene","µg/m≥","21/11/2021","11","0.250","1"
"Pisticci","p-Xilene","µg/m≥","21/11/2021","12","0.050","1"
"Pisticci","p-Xilene","µg/m≥","21/11/2021","13","0.200","1"
"Pisticci","p-Xilene","µg/m≥","21/11/2021","14","0.440","1"
"Pisticci","p-Xilene","µg/m≥","21/11/2021","15","0.210","1"
"Pisticci","p-Xilene","µg/m≥","21/11/2021","16","0.020","1"
"Pisticci","p-Xilene","µg/m≥","21/11/2021","17","0.090","1"
"Pisticci","p-Xilene","µg/m≥","21/11/2021","18","0.220","1"
"Pisticci","p-Xilene","µg/m≥","21/11/2021","19","0.440","1"
"Pisticci","p-Xilene","µg/m≥","21/11/2021","20","0.490","1"
"Pisticci","p-Xilene","µg/m≥","21/11/2021","21","0.080","1"
"Pisticci","p-Xilene","µg/m≥","21/11/2021","22","0.210","1"
"Pisticci","p-Xilene","µg/m≥","21/11/2021","23","0.190","1"
"Pisticci","p-Xilene","µg/m≥","21/11/2021","24","0.180","1"
"Pisticci","p-Xilene","µg/m≥","22/11/2021","01","0.030","1"
"Pisticci","p-Xilene","µg/m≥","22/11/2021","02","0.040","1"
"Pisticci","p-Xilene","µg/m≥","22/11/2021","03","0.110","1"
"Pisticci","p-Xilene","µg/m≥","22/11/2021","04","0.050","1"
"Pisticci","p-Xilene","µg/m≥","22/11/2021","05","0.040","1"
"Pisticci","p-Xilene","µg/m≥","22/11/2021","06","0.060","1"
"Pisticci","p-Xilene","µg/m≥","22/11/2021","07","0.020","1"
"Pisticci","p-Xilene","µg/m≥","22/11/2021","08","0.110","1"
"Pisticci","p-Xilene","µg/m≥","22/11/2021","09","0.270","1"
"Pisticci","p-Xilene","µg/m≥","22/11/2021","10","0.470","1"
"Pisticci","p-Xilene","µg/m≥","22/11/2021","11","0.200","1"
"Pisticci","p-Xilene","µg/m≥","22/11/2021","12","0.040","1"
"Pisticci","p-Xilene","µg/m≥","22/11/2021","13","0.030","1"
"Pisticci","p-Xilene","µg/m≥","22/11/2021","14","0.080","1"
"Pisticci","p-Xilene","µg/m≥","22/11/2021","15","0.570","1"
"Pisticci","p-Xilene","µg/m≥","22/11/2021","16","0.160","1"
"Pisticci","p-Xilene","µg/m≥","22/11/2021","17","0.280","1"
"Pisticci","p-Xilene","µg/m≥","22/11/2021","18","0.550","1"
"Pisticci","p-Xilene","µg/m≥","22/11/2021","19","0.600","1"
"Pisticci","p-Xilene","µg/m≥","22/11/2021","20","1.230","1"
"Pisticci","p-Xilene","µg/m≥","22/11/2021","21","0.220","1"
"Pisticci","p-Xilene","µg/m≥","22/11/2021","22","0.290","1"
"Pisticci","p-Xilene","µg/m≥","22/11/2021","23","0.330","1"
"Pisticci","p-Xilene","µg/m≥","22/11/2021","24","0.460","1"
"Pisticci","p-Xilene","µg/m≥","23/11/2021","01","0.170","1"
"Pisticci","p-Xilene","µg/m≥","23/11/2021","02","0.350","1"
"Pisticci","p-Xilene","µg/m≥","23/11/2021","03","0.280","1"
"Pisticci","p-Xilene","µg/m≥","23/11/2021","04","0.140","1"
"Pisticci","p-Xilene","µg/m≥","23/11/2021","05","0.820","1"
"Pisticci","p-Xilene","µg/m≥","23/11/2021","06","0.180","1"
"Pisticci","p-Xilene","µg/m≥","23/11/2021","07","-9999","-1"
"Pisticci","p-Xilene","µg/m≥","23/11/2021","08","-9999","-1"
"Pisticci","p-Xilene","µg/m≥","23/11/2021","09","-9999","-1"
"Pisticci","p-Xilene","µg/m≥","23/11/2021","10","-9999","-1"
"Pisticci","p-Xilene","µg/m≥","23/11/2021","11","-9999","-1"
"Pisticci","p-Xilene","µg/m≥","23/11/2021","12","13.570","-1"
"Pisticci","p-Xilene","µg/m≥","23/11/2021","13","6.320","-1"
"Pisticci","p-Xilene","µg/m≥","23/11/2021","14","2.450","-1"
"Pisticci","p-Xilene","µg/m≥","23/11/2021","15","0.370","1"
"Pisticci","p-Xilene","µg/m≥","23/11/2021","16","0.280","1"
"Pisticci","p-Xilene","µg/m≥","23/11/2021","17","0.620","1"
"Pisticci","p-Xilene","µg/m≥","23/11/2021","18","0.420","1"
"Pisticci","p-Xilene","µg/m≥","23/11/2021","19","1.070","1"
"Pisticci","p-Xilene","µg/m≥","23/11/2021","20","0.520","1"
"Pisticci","p-Xilene","µg/m≥","23/11/2021","21","0.500","1"
"Pisticci","p-Xilene","µg/m≥","23/11/2021","22","0.410","1"
"Pisticci","p-Xilene","µg/m≥","23/11/2021","23","0.310","1"
"Pisticci","p-Xilene","µg/m≥","23/11/2021","24","0.250","1"
"Pisticci","p-Xilene","µg/m≥","24/11/2021","01","0.330","1"
"Pisticci","p-Xilene","µg/m≥","24/11/2021","02","0.110","1"
"Pisticci","p-Xilene","µg/m≥","24/11/2021","03","0.180","1"
"Pisticci","p-Xilene","µg/m≥","24/11/2021","04","0.180","1"
"Pisticci","p-Xilene","µg/m≥","24/11/2021","05","0.190","1"
"Pisticci","p-Xilene","µg/m≥","24/11/2021","06","0.210","1"
"Pisticci","p-Xilene","µg/m≥","24/11/2021","07","0.210","1"
"Pisticci","p-Xilene","µg/m≥","24/11/2021","08","0.300","1"
"Pisticci","p-Xilene","µg/m≥","24/11/2021","09","0.280","1"
"Pisticci","p-Xilene","µg/m≥","24/11/2021","10","0.390","1"
"Pisticci","p-Xilene","µg/m≥","24/11/2021","11","0.390","1"
"Pisticci","p-Xilene","µg/m≥","24/11/2021","12","0.310","1"
"Pisticci","p-Xilene","µg/m≥","24/11/2021","13","0.030","1"
"Pisticci","p-Xilene","µg/m≥","24/11/2021","14","0.140","1"
"Pisticci","p-Xilene","µg/m≥","24/11/2021","15","0.240","1"
"Pisticci","p-Xilene","µg/m≥","24/11/2021","16","0.240","1"
"Pisticci","p-Xilene","µg/m≥","24/11/2021","17","0.280","1"
"Pisticci","p-Xilene","µg/m≥","24/11/2021","18","0.260","1"
"Pisticci","p-Xilene","µg/m≥","24/11/2021","19","0.410","1"
"Pisticci","p-Xilene","µg/m≥","24/11/2021","20","0.330","1"
"Pisticci","p-Xilene","µg/m≥","24/11/2021","21","0.460","1"
"Pisticci","p-Xilene","µg/m≥","24/11/2021","22","0.530","1"
"Pisticci","p-Xilene","µg/m≥","24/11/2021","23","0.490","1"
"Pisticci","p-Xilene","µg/m≥","24/11/2021","24","0.460","1"
"Pisticci","p-Xilene","µg/m≥","25/11/2021","01","0.370","1"
"Pisticci","p-Xilene","µg/m≥","25/11/2021","02","0.440","1"
"Pisticci","p-Xilene","µg/m≥","25/11/2021","03","0.290","1"
"Pisticci","p-Xilene","µg/m≥","25/11/2021","04","0.270","1"
"Pisticci","p-Xilene","µg/m≥","25/11/2021","05","0.210","1"
"Pisticci","p-Xilene","µg/m≥","25/11/2021","06","0.180","1"
"Pisticci","p-Xilene","µg/m≥","25/11/2021","07","0.110","1"
"Pisticci","p-Xilene","µg/m≥","25/11/2021","08","0.100","1"
"Pisticci","p-Xilene","µg/m≥","25/11/2021","09","0.230","1"
"Pisticci","p-Xilene","µg/m≥","25/11/2021","10","0.180","1"
"Pisticci","p-Xilene","µg/m≥","25/11/2021","11","0.690","1"
"Pisticci","p-Xilene","µg/m≥","25/11/2021","12","0.860","1"
"Pisticci","p-Xilene","µg/m≥","25/11/2021","13","0.220","1"
"Pisticci","p-Xilene","µg/m≥","25/11/2021","14","0.160","1"
"Pisticci","p-Xilene","µg/m≥","25/11/2021","15","0.060","1"
"Pisticci","p-Xilene","µg/m≥","25/11/2021","16","0.030","1"
"Pisticci","p-Xilene","µg/m≥","25/11/2021","17","0.140","1"
"Pisticci","p-Xilene","µg/m≥","25/11/2021","18","0.120","1"
"Pisticci","p-Xilene","µg/m≥","25/11/2021","19","0.410","1"
"Pisticci","p-Xilene","µg/m≥","25/11/2021","20","0.110","1"
"Pisticci","p-Xilene","µg/m≥","25/11/2021","21","0.120","1"
"Pisticci","p-Xilene","µg/m≥","25/11/2021","22","0.020","1"
"Pisticci","p-Xilene","µg/m≥","25/11/2021","23","0.040","1"
"Pisticci","p-Xilene","µg/m≥","25/11/2021","24","0.010","1"
"Pisticci","p-Xilene","µg/m≥","26/11/2021","01","0.010","1"
"Pisticci","p-Xilene","µg/m≥","26/11/2021","02","0.010","1"
"Pisticci","p-Xilene","µg/m≥","26/11/2021","03","0.010","1"
"Pisticci","p-Xilene","µg/m≥","26/11/2021","04","0.010","1"
"Pisticci","p-Xilene","µg/m≥","26/11/2021","05","0.000","1"
"Pisticci","p-Xilene","µg/m≥","26/11/2021","06","0.020","1"
"Pisticci","p-Xilene","µg/m≥","26/11/2021","07","0.010","1"
"Pisticci","p-Xilene","µg/m≥","26/11/2021","08","0.010","1"
"Pisticci","p-Xilene","µg/m≥","26/11/2021","09","0.010","1"
"Pisticci","p-Xilene","µg/m≥","26/11/2021","10","0.020","1"
"Pisticci","p-Xilene","µg/m≥","26/11/2021","11","0.170","1"
"Pisticci","p-Xilene","µg/m≥","26/11/2021","12","0.160","1"
"Pisticci","p-Xilene","µg/m≥","26/11/2021","13","0.150","1"
"Pisticci","p-Xilene","µg/m≥","26/11/2021","14","0.010","1"
"Pisticci","p-Xilene","µg/m≥","26/11/2021","15","0.010","1"
"Pisticci","p-Xilene","µg/m≥","26/11/2021","16","0.010","1"
"Pisticci","p-Xilene","µg/m≥","26/11/2021","17","0.060","1"
"Pisticci","p-Xilene","µg/m≥","26/11/2021","18","0.110","1"
"Pisticci","p-Xilene","µg/m≥","26/11/2021","19","0.180","1"
"Pisticci","p-Xilene","µg/m≥","26/11/2021","20","0.010","1"
"Pisticci","p-Xilene","µg/m≥","26/11/2021","21","0.080","1"
"Pisticci","p-Xilene","µg/m≥","26/11/2021","22","0.010","1"
"Pisticci","p-Xilene","µg/m≥","26/11/2021","23","0.020","1"
"Pisticci","p-Xilene","µg/m≥","26/11/2021","24","0.010","1"
"Pisticci","p-Xilene","µg/m≥","27/11/2021","01","0.010","1"
"Pisticci","p-Xilene","µg/m≥","27/11/2021","02","0.010","1"
"Pisticci","p-Xilene","µg/m≥","27/11/2021","03","0.010","1"
"Pisticci","p-Xilene","µg/m≥","27/11/2021","04","0.010","1"
"Pisticci","p-Xilene","µg/m≥","27/11/2021","05","0.000","1"
"Pisticci","p-Xilene","µg/m≥","27/11/2021","06","0.010","1"
"Pisticci","p-Xilene","µg/m≥","27/11/2021","07","0.010","1"
"Pisticci","p-Xilene","µg/m≥","27/11/2021","08","0.010","1"
"Pisticci","p-Xilene","µg/m≥","27/11/2021","09","0.010","1"
"Pisticci","p-Xilene","µg/m≥","27/11/2021","10","0.010","1"
"Pisticci","p-Xilene","µg/m≥","27/11/2021","11","0.070","1"
"Pisticci","p-Xilene","µg/m≥","27/11/2021","12","0.250","1"
"Pisticci","p-Xilene","µg/m≥","27/11/2021","13","0.040","1"
"Pisticci","p-Xilene","µg/m≥","27/11/2021","14","0.010","1"
"Pisticci","p-Xilene","µg/m≥","27/11/2021","15","0.010","1"
"Pisticci","p-Xilene","µg/m≥","27/11/2021","16","0.020","1"
"Pisticci","p-Xilene","µg/m≥","27/11/2021","17","0.020","1"
"Pisticci","p-Xilene","µg/m≥","27/11/2021","18","0.110","1"
"Pisticci","p-Xilene","µg/m≥","27/11/2021","19","0.570","1"
"Pisticci","p-Xilene","µg/m≥","27/11/2021","20","0.060","1"
"Pisticci","p-Xilene","µg/m≥","27/11/2021","21","0.140","1"
"Pisticci","p-Xilene","µg/m≥","27/11/2021","22","0.000","1"
"Pisticci","p-Xilene","µg/m≥","27/11/2021","23","0.120","1"
"Pisticci","p-Xilene","µg/m≥","27/11/2021","24","0.250","1"
"Pisticci","p-Xilene","µg/m≥","28/11/2021","01","0.190","1"
"Pisticci","p-Xilene","µg/m≥","28/11/2021","02","0.080","1"
"Pisticci","p-Xilene","µg/m≥","28/11/2021","03","0.000","1"
"Pisticci","p-Xilene","µg/m≥","28/11/2021","04","0.020","1"
"Pisticci","p-Xilene","µg/m≥","28/11/2021","05","0.050","1"
"Pisticci","p-Xilene","µg/m≥","28/11/2021","06","0.050","1"
"Pisticci","p-Xilene","µg/m≥","28/11/2021","07","0.020","1"
"Pisticci","p-Xilene","µg/m≥","28/11/2021","08","0.040","1"
"Pisticci","p-Xilene","µg/m≥","28/11/2021","09","0.050","1"
"Pisticci","p-Xilene","µg/m≥","28/11/2021","10","0.050","1"
"Pisticci","p-Xilene","µg/m≥","28/11/2021","11","0.140","1"
"Pisticci","p-Xilene","µg/m≥","28/11/2021","12","0.090","1"
"Pisticci","p-Xilene","µg/m≥","28/11/2021","13","0.270","1"
"Pisticci","p-Xilene","µg/m≥","28/11/2021","14","0.130","1"
"Pisticci","p-Xilene","µg/m≥","28/11/2021","15","0.010","1"
"Pisticci","p-Xilene","µg/m≥","28/11/2021","16","0.010","1"
"Pisticci","p-Xilene","µg/m≥","28/11/2021","17","0.020","1"
"Pisticci","p-Xilene","µg/m≥","28/11/2021","18","0.040","1"
"Pisticci","p-Xilene","µg/m≥","28/11/2021","19","0.480","1"
"Pisticci","p-Xilene","µg/m≥","28/11/2021","20","0.090","1"
"Pisticci","p-Xilene","µg/m≥","28/11/2021","21","0.100","1"
"Pisticci","p-Xilene","µg/m≥","28/11/2021","22","0.040","1"
"Pisticci","p-Xilene","µg/m≥","28/11/2021","23","0.110","1"
"Pisticci","p-Xilene","µg/m≥","28/11/2021","24","0.140","1"
"Pisticci","p-Xilene","µg/m≥","29/11/2021","01","0.110","1"
"Pisticci","p-Xilene","µg/m≥","29/11/2021","02","0.070","1"
"Pisticci","p-Xilene","µg/m≥","29/11/2021","03","0.070","1"
"Pisticci","p-Xilene","µg/m≥","29/11/2021","04","0.020","1"
"Pisticci","p-Xilene","µg/m≥","29/11/2021","05","0.040","1"
"Pisticci","p-Xilene","µg/m≥","29/11/2021","06","0.010","1"
"Pisticci","p-Xilene","µg/m≥","29/11/2021","07","0.010","1"
"Pisticci","p-Xilene","µg/m≥","29/11/2021","08","0.010","1"
"Pisticci","p-Xilene","µg/m≥","29/11/2021","09","0.010","1"
"Pisticci","p-Xilene","µg/m≥","29/11/2021","10","0.070","1"
"Pisticci","p-Xilene","µg/m≥","29/11/2021","11","0.010","1"
"Pisticci","p-Xilene","µg/m≥","29/11/2021","12","0.010","1"
"Pisticci","p-Xilene","µg/m≥","29/11/2021","13","0.000","1"
"Pisticci","p-Xilene","µg/m≥","29/11/2021","14","0.010","1"
"Pisticci","p-Xilene","µg/m≥","29/11/2021","15","0.090","1"
"Pisticci","p-Xilene","µg/m≥","29/11/2021","16","0.340","1"
"Pisticci","p-Xilene","µg/m≥","29/11/2021","17","0.060","1"
"Pisticci","p-Xilene","µg/m≥","29/11/2021","18","0.010","1"
"Pisticci","p-Xilene","µg/m≥","29/11/2021","19","0.040","1"
"Pisticci","p-Xilene","µg/m≥","29/11/2021","20","0.080","1"
"Pisticci","p-Xilene","µg/m≥","29/11/2021","21","0.080","1"
"Pisticci","p-Xilene","µg/m≥","29/11/2021","22","0.140","1"
"Pisticci","p-Xilene","µg/m≥","29/11/2021","23","0.070","1"
"Pisticci","p-Xilene","µg/m≥","29/11/2021","24","0.100","1"
"Pisticci","p-Xilene","µg/m≥","30/11/2021","01","0.060","1"
"Pisticci","p-Xilene","µg/m≥","30/11/2021","02","0.130","1"
"Pisticci","p-Xilene","µg/m≥","30/11/2021","03","0.100","1"
"Pisticci","p-Xilene","µg/m≥","30/11/2021","04","0.080","1"
"Pisticci","p-Xilene","µg/m≥","30/11/2021","05","0.070","1"
"Pisticci","p-Xilene","µg/m≥","30/11/2021","06","0.060","1"
"Pisticci","p-Xilene","µg/m≥","30/11/2021","07","0.010","1"
"Pisticci","p-Xilene","µg/m≥","30/11/2021","08","0.020","1"
"Pisticci","p-Xilene","µg/m≥","30/11/2021","09","0.010","1"
"Pisticci","p-Xilene","µg/m≥","30/11/2021","10","0.030","1"
"Pisticci","p-Xilene","µg/m≥","30/11/2021","11","0.010","1"
"Pisticci","p-Xilene","µg/m≥","30/11/2021","12","0.020","1"
"Pisticci","p-Xilene","µg/m≥","30/11/2021","13","0.030","1"
"Pisticci","p-Xilene","µg/m≥","30/11/2021","14","0.020","1"
"Pisticci","p-Xilene","µg/m≥","30/11/2021","15","0.030","1"
"Pisticci","p-Xilene","µg/m≥","30/11/2021","16","0.010","1"
"Pisticci","p-Xilene","µg/m≥","30/11/2021","17","0.020","1"
"Pisticci","p-Xilene","µg/m≥","30/11/2021","18","0.200","1"
"Pisticci","p-Xilene","µg/m≥","30/11/2021","19","0.220","1"
"Pisticci","p-Xilene","µg/m≥","30/11/2021","20","0.340","1"
"Pisticci","p-Xilene","µg/m≥","30/11/2021","21","-9999","-1"
"Pisticci","p-Xilene","µg/m≥","30/11/2021","22","-9999","-1"
"Pisticci","p-Xilene","µg/m≥","30/11/2021","23","-9999","-1"
"Pisticci","p-Xilene","µg/m≥","30/11/2021","24","-9999","-1"
"Pisticci","p-Xilene","µg/m≥","01/12/2021","01","-9999","-1"
"Pisticci","p-Xilene","µg/m≥","01/12/2021","02","-9999","-1"
"Pisticci","p-Xilene","µg/m≥","01/12/2021","03","-9999","-1"
"Pisticci","p-Xilene","µg/m≥","01/12/2021","04","-9999","-1"
"Pisticci","p-Xilene","µg/m≥","01/12/2021","05","-9999","-1"
"Pisticci","p-Xilene","µg/m≥","01/12/2021","06","-9999","-1"
"Pisticci","p-Xilene","µg/m≥","01/12/2021","07","-9999","-1"
"Pisticci","p-Xilene","µg/m≥","01/12/2021","08","-9999","-1"
"Pisticci","p-Xilene","µg/m≥","01/12/2021","09","-9999","-1"
"Pisticci","p-Xilene","µg/m≥","01/12/2021","10","-9999","-1"
"Pisticci","p-Xilene","µg/m≥","01/12/2021","11","-9999","-1"
"Pisticci","p-Xilene","µg/m≥","01/12/2021","12","-9999","-1"
"Pisticci","p-Xilene","µg/m≥","01/12/2021","13","-9999","-1"
"Pisticci","p-Xilene","µg/m≥","01/12/2021","14","-9999","-1"
"Pisticci","p-Xilene","µg/m≥","01/12/2021","15","-9999","-1"
"Pisticci","p-Xilene","µg/m≥","01/12/2021","16","-9999","-1"
"Pisticci","p-Xilene","µg/m≥","01/12/2021","17","-9999","-1"
"Pisticci","p-Xilene","µg/m≥","01/12/2021","18","-9999","-1"
"Pisticci","p-Xilene","µg/m≥","01/12/2021","19","-9999","-1"
"Pisticci","p-Xilene","µg/m≥","01/12/2021","20","-9999","-1"
"Pisticci","p-Xilene","µg/m≥","01/12/2021","21","-9999","-1"
"Pisticci","p-Xilene","µg/m≥","01/12/2021","22","-9999","-1"
"Pisticci","p-Xilene","µg/m≥","01/12/2021","23","-9999","-1"
"Pisticci","p-Xilene","µg/m≥","01/12/2021","24","-9999","-1"
"Pisticci","p-Xilene","µg/m≥","02/12/2021","01","-9999","-1"
"Pisticci","p-Xilene","µg/m≥","02/12/2021","02","-9999","-1"
"Pisticci","p-Xilene","µg/m≥","02/12/2021","03","-9999","-1"
"Pisticci","p-Xilene","µg/m≥","02/12/2021","04","-9999","-1"
"Pisticci","p-Xilene","µg/m≥","02/12/2021","05","-9999","-1"
"Pisticci","p-Xilene","µg/m≥","02/12/2021","06","-9999","-1"
"Pisticci","p-Xilene","µg/m≥","02/12/2021","07","-9999","-1"
"Pisticci","p-Xilene","µg/m≥","02/12/2021","08","-9999","-1"
"Pisticci","p-Xilene","µg/m≥","02/12/2021","09","-9999","-1"
"Pisticci","p-Xilene","µg/m≥","02/12/2021","10","-9999","-1"
"Pisticci","p-Xilene","µg/m≥","02/12/2021","11","-9999","-1"
"Pisticci","p-Xilene","µg/m≥","02/12/2021","12","-9999","-1"
"Pisticci","p-Xilene","µg/m≥","02/12/2021","13","-9999","-1"
"Pisticci","p-Xilene","µg/m≥","02/12/2021","14","-9999","-1"
"Pisticci","p-Xilene","µg/m≥","02/12/2021","15","-9999","-1"
"Pisticci","p-Xilene","µg/m≥","02/12/2021","16","-9999","-1"
"Pisticci","p-Xilene","µg/m≥","02/12/2021","17","-9999","-1"
"Pisticci","p-Xilene","µg/m≥","02/12/2021","18","-9999","-1"
"Pisticci","p-Xilene","µg/m≥","02/12/2021","19","0.000","1"
"Pisticci","p-Xilene","µg/m≥","02/12/2021","20","0.010","1"
"Pisticci","p-Xilene","µg/m≥","02/12/2021","21","0.060","1"
"Pisticci","p-Xilene","µg/m≥","02/12/2021","22","0.020","1"
"Pisticci","p-Xilene","µg/m≥","02/12/2021","23","0.030","1"
"Pisticci","p-Xilene","µg/m≥","02/12/2021","24","0.010","1"
"Pisticci","p-Xilene","µg/m≥","03/12/2021","01","0.010","1"
"Pisticci","p-Xilene","µg/m≥","03/12/2021","02","0.010","1"
"Pisticci","p-Xilene","µg/m≥","03/12/2021","03","0.000","1"
"Pisticci","p-Xilene","µg/m≥","03/12/2021","04","0.010","1"
"Pisticci","p-Xilene","µg/m≥","03/12/2021","05","0.000","1"
"Pisticci","p-Xilene","µg/m≥","03/12/2021","06","0.010","1"
"Pisticci","p-Xilene","µg/m≥","03/12/2021","07","0.010","1"
"Pisticci","p-Xilene","µg/m≥","03/12/2021","08","0.020","1"
"Pisticci","p-Xilene","µg/m≥","03/12/2021","09","0.040","1"
"Pisticci","p-Xilene","µg/m≥","03/12/2021","10","0.110","1"
"Pisticci","p-Xilene","µg/m≥","03/12/2021","11","0.010","1"
"Pisticci","p-Xilene","µg/m≥","03/12/2021","12","0.180","1"
"Pisticci","p-Xilene","µg/m≥","03/12/2021","13","0.250","1"
"Pisticci","p-Xilene","µg/m≥","03/12/2021","14","0.000","1"
"Pisticci","p-Xilene","µg/m≥","03/12/2021","15","0.110","1"
"Pisticci","p-Xilene","µg/m≥","03/12/2021","16","0.170","1"
"Pisticci","p-Xilene","µg/m≥","03/12/2021","17","0.010","1"
"Pisticci","p-Xilene","µg/m≥","03/12/2021","18","0.090","1"
"Pisticci","p-Xilene","µg/m≥","03/12/2021","19","0.000","1"
"Pisticci","p-Xilene","µg/m≥","03/12/2021","20","0.160","1"
"Pisticci","p-Xilene","µg/m≥","03/12/2021","21","0.010","1"
"Pisticci","p-Xilene","µg/m≥","03/12/2021","22","0.100","1"
"Pisticci","p-Xilene","µg/m≥","03/12/2021","23","0.170","1"
"Pisticci","p-Xilene","µg/m≥","03/12/2021","24","0.120","1"
"Pisticci","p-Xilene","µg/m≥","04/12/2021","01","0.250","1"
"Pisticci","p-Xilene","µg/m≥","04/12/2021","02","0.100","1"
"Pisticci","p-Xilene","µg/m≥","04/12/2021","03","0.140","1"
"Pisticci","p-Xilene","µg/m≥","04/12/2021","04","0.000","1"
"Pisticci","p-Xilene","µg/m≥","04/12/2021","05","0.230","1"
"Pisticci","p-Xilene","µg/m≥","04/12/2021","06","0.110","1"
"Pisticci","p-Xilene","µg/m≥","04/12/2021","07","0.020","1"
"Pisticci","p-Xilene","µg/m≥","04/12/2021","08","0.080","1"
"Pisticci","p-Xilene","µg/m≥","04/12/2021","09","0.180","1"
"Pisticci","p-Xilene","µg/m≥","04/12/2021","10","0.160","1"
"Pisticci","p-Xilene","µg/m≥","04/12/2021","11","0.010","1"
"Pisticci","p-Xilene","µg/m≥","04/12/2021","12","0.170","1"
"Pisticci","p-Xilene","µg/m≥","04/12/2021","13","0.100","1"
"Pisticci","p-Xilene","µg/m≥","04/12/2021","14","0.030","1"
"Pisticci","p-Xilene","µg/m≥","04/12/2021","15","0.010","1"
"Pisticci","p-Xilene","µg/m≥","04/12/2021","16","0.050","1"
"Pisticci","p-Xilene","µg/m≥","04/12/2021","17","0.150","1"
"Pisticci","p-Xilene","µg/m≥","04/12/2021","18","0.000","1"
"Pisticci","p-Xilene","µg/m≥","04/12/2021","19","0.210","1"
"Pisticci","p-Xilene","µg/m≥","04/12/2021","20","0.190","1"
"Pisticci","p-Xilene","µg/m≥","04/12/2021","21","0.180","1"
"Pisticci","p-Xilene","µg/m≥","04/12/2021","22","0.320","1"
"Pisticci","p-Xilene","µg/m≥","04/12/2021","23","0.360","1"
"Pisticci","p-Xilene","µg/m≥","04/12/2021","24","0.580","1"
"Pisticci","p-Xilene","µg/m≥","05/12/2021","01","1.020","1"
"Pisticci","p-Xilene","µg/m≥","05/12/2021","02","0.780","1"
"Pisticci","p-Xilene","µg/m≥","05/12/2021","03","1.270","1"
"Pisticci","p-Xilene","µg/m≥","05/12/2021","04","1.290","1"
"Pisticci","p-Xilene","µg/m≥","05/12/2021","05","1.090","1"
"Pisticci","p-Xilene","µg/m≥","05/12/2021","06","0.010","1"
"Pisticci","p-Xilene","µg/m≥","05/12/2021","07","0.010","1"
"Pisticci","p-Xilene","µg/m≥","05/12/2021","08","0.600","1"
"Pisticci","p-Xilene","µg/m≥","05/12/2021","09","0.380","1"
"Pisticci","p-Xilene","µg/m≥","05/12/2021","10","0.260","1"
"Pisticci","p-Xilene","µg/m≥","05/12/2021","11","0.000","1"
"Pisticci","p-Xilene","µg/m≥","05/12/2021","12","0.050","1"
"Pisticci","p-Xilene","µg/m≥","05/12/2021","13","0.020","1"
"Pisticci","p-Xilene","µg/m≥","05/12/2021","14","0.370","1"
"Pisticci","p-Xilene","µg/m≥","05/12/2021","15","0.070","1"
"Pisticci","p-Xilene","µg/m≥","05/12/2021","16","0.000","1"
"Pisticci","p-Xilene","µg/m≥","05/12/2021","17","0.010","1"
"Pisticci","p-Xilene","µg/m≥","05/12/2021","18","0.010","1"
"Pisticci","p-Xilene","µg/m≥","05/12/2021","19","0.010","1"
"Pisticci","p-Xilene","µg/m≥","05/12/2021","20","0.010","1"
"Pisticci","p-Xilene","µg/m≥","05/12/2021","21","0.010","1"
"Pisticci","p-Xilene","µg/m≥","05/12/2021","22","0.010","1"
"Pisticci","p-Xilene","µg/m≥","05/12/2021","23","0.010","1"
"Pisticci","p-Xilene","µg/m≥","05/12/2021","24","0.010","1"
"Pisticci","p-Xilene","µg/m≥","06/12/2021","01","0.150","1"
"Pisticci","p-Xilene","µg/m≥","06/12/2021","02","0.120","1"
"Pisticci","p-Xilene","µg/m≥","06/12/2021","03","0.070","1"
"Pisticci","p-Xilene","µg/m≥","06/12/2021","04","0.010","1"
"Pisticci","p-Xilene","µg/m≥","06/12/2021","05","0.020","1"
"Pisticci","p-Xilene","µg/m≥","06/12/2021","06","0.020","1"
"Pisticci","p-Xilene","µg/m≥","06/12/2021","07","0.010","1"
"Pisticci","p-Xilene","µg/m≥","06/12/2021","08","0.180","1"
"Pisticci","p-Xilene","µg/m≥","06/12/2021","09","0.160","1"
"Pisticci","p-Xilene","µg/m≥","06/12/2021","10","0.010","1"
"Pisticci","p-Xilene","µg/m≥","06/12/2021","11","0.060","1"
"Pisticci","p-Xilene","µg/m≥","06/12/2021","12","0.000","1"
"Pisticci","p-Xilene","µg/m≥","06/12/2021","13","0.000","1"
"Pisticci","p-Xilene","µg/m≥","06/12/2021","14","0.090","1"
"Pisticci","p-Xilene","µg/m≥","06/12/2021","15","0.230","1"
"Pisticci","p-Xilene","µg/m≥","06/12/2021","16","0.040","1"
"Pisticci","p-Xilene","µg/m≥","06/12/2021","17","0.120","1"
"Pisticci","p-Xilene","µg/m≥","06/12/2021","18","0.010","1"
"Pisticci","p-Xilene","µg/m≥","06/12/2021","19","0.020","1"
"Pisticci","p-Xilene","µg/m≥","06/12/2021","20","0.010","1"
"Pisticci","p-Xilene","µg/m≥","06/12/2021","21","0.020","1"
"Pisticci","p-Xilene","µg/m≥","06/12/2021","22","0.010","1"
"Pisticci","p-Xilene","µg/m≥","06/12/2021","23","0.020","1"
"Pisticci","p-Xilene","µg/m≥","06/12/2021","24","0.080","1"
"Pisticci","p-Xilene","µg/m≥","07/12/2021","01","0.130","1"
"Pisticci","p-Xilene","µg/m≥","07/12/2021","02","0.040","1"
"Pisticci","p-Xilene","µg/m≥","07/12/2021","03","0.040","1"
"Pisticci","p-Xilene","µg/m≥","07/12/2021","04","0.030","1"
"Pisticci","p-Xilene","µg/m≥","07/12/2021","05","0.100","1"
"Pisticci","p-Xilene","µg/m≥","07/12/2021","06","0.060","1"
"Pisticci","p-Xilene","µg/m≥","07/12/2021","07","0.030","1"
"Pisticci","p-Xilene","µg/m≥","07/12/2021","08","0.030","1"
"Pisticci","p-Xilene","µg/m≥","07/12/2021","09","0.010","1"
"Pisticci","p-Xilene","µg/m≥","07/12/2021","10","0.010","1"
"Pisticci","p-Xilene","µg/m≥","07/12/2021","11","0.040","1"
"Pisticci","p-Xilene","µg/m≥","07/12/2021","12","0.030","1"
"Pisticci","p-Xilene","µg/m≥","07/12/2021","13","0.030","1"
"Pisticci","p-Xilene","µg/m≥","07/12/2021","14","0.020","1"
"Pisticci","p-Xilene","µg/m≥","07/12/2021","15","0.070","1"
"Pisticci","p-Xilene","µg/m≥","07/12/2021","16","0.020","1"
"Pisticci","p-Xilene","µg/m≥","07/12/2021","17","0.010","1"
"Pisticci","p-Xilene","µg/m≥","07/12/2021","18","1.290","1"
"Pisticci","p-Xilene","µg/m≥","07/12/2021","19","2.480","1"
"Pisticci","p-Xilene","µg/m≥","07/12/2021","20","97.400","-1"
"Pisticci","p-Xilene","µg/m≥","07/12/2021","21","15.780","1"
"Pisticci","p-Xilene","µg/m≥","07/12/2021","22","9.580","1"
"Pisticci","p-Xilene","µg/m≥","07/12/2021","23","2.190","1"
"Pisticci","p-Xilene","µg/m≥","07/12/2021","24","1.900","1"
"Pisticci","p-Xilene","µg/m≥","08/12/2021","01","3.840","1"
"Pisticci","p-Xilene","µg/m≥","08/12/2021","02","2.240","1"
"Pisticci","p-Xilene","µg/m≥","08/12/2021","03","6.850","1"
"Pisticci","p-Xilene","µg/m≥","08/12/2021","04","9.410","1"
"Pisticci","p-Xilene","µg/m≥","08/12/2021","05","6.740","1"
"Pisticci","p-Xilene","µg/m≥","08/12/2021","06","4.200","1"
"Pisticci","p-Xilene","µg/m≥","08/12/2021","07","1.680","1"
"Pisticci","p-Xilene","µg/m≥","08/12/2021","08","3.520","1"
"Pisticci","p-Xilene","µg/m≥","08/12/2021","09","1.180","1"
"Pisticci","p-Xilene","µg/m≥","08/12/2021","10","0.640","1"
"Pisticci","p-Xilene","µg/m≥","08/12/2021","11","4.100","1"
"Pisticci","p-Xilene","µg/m≥","08/12/2021","12","5.760","1"
"Pisticci","p-Xilene","µg/m≥","08/12/2021","13","3.020","1"
"Pisticci","p-Xilene","µg/m≥","08/12/2021","14","0.980","1"
"Pisticci","p-Xilene","µg/m≥","08/12/2021","15","1.720","1"
"Pisticci","p-Xilene","µg/m≥","08/12/2021","16","1.250","1"
"Pisticci","p-Xilene","µg/m≥","08/12/2021","17","1.820","1"
"Pisticci","p-Xilene","µg/m≥","08/12/2021","18","0.360","1"
"Pisticci","p-Xilene","µg/m≥","08/12/2021","19","26.380","1"
"Pisticci","p-Xilene","µg/m≥","08/12/2021","20","5.160","1"
"Pisticci","p-Xilene","µg/m≥","08/12/2021","21","0.610","1"
"Pisticci","p-Xilene","µg/m≥","08/12/2021","22","0.580","1"
"Pisticci","p-Xilene","µg/m≥","08/12/2021","23","0.560","1"
"Pisticci","p-Xilene","µg/m≥","08/12/2021","24","0.340","1"
"Pisticci","p-Xilene","µg/m≥","09/12/2021","01","0.280","1"
"Pisticci","p-Xilene","µg/m≥","09/12/2021","02","0.310","1"
"Pisticci","p-Xilene","µg/m≥","09/12/2021","03","0.320","1"
"Pisticci","p-Xilene","µg/m≥","09/12/2021","04","0.220","1"
"Pisticci","p-Xilene","µg/m≥","09/12/2021","05","0.100","1"
"Pisticci","p-Xilene","µg/m≥","09/12/2021","06","0.180","1"
"Pisticci","p-Xilene","µg/m≥","09/12/2021","07","0.060","1"
"Pisticci","p-Xilene","µg/m≥","09/12/2021","08","0.080","1"
"Pisticci","p-Xilene","µg/m≥","09/12/2021","09","0.010","1"
"Pisticci","p-Xilene","µg/m≥","09/12/2021","10","0.060","1"
"Pisticci","p-Xilene","µg/m≥","09/12/2021","11","0.060","1"
"Pisticci","p-Xilene","µg/m≥","09/12/2021","12","0.050","1"
"Pisticci","p-Xilene","µg/m≥","09/12/2021","13","0.040","1"
"Pisticci","p-Xilene","µg/m≥","09/12/2021","14","0.010","1"
"Pisticci","p-Xilene","µg/m≥","09/12/2021","15","0.020","1"
"Pisticci","p-Xilene","µg/m≥","09/12/2021","16","0.030","1"
"Pisticci","p-Xilene","µg/m≥","09/12/2021","17","0.040","1"
"Pisticci","p-Xilene","µg/m≥","09/12/2021","18","0.020","1"
"Pisticci","p-Xilene","µg/m≥","09/12/2021","19","0.050","1"
"Pisticci","p-Xilene","µg/m≥","09/12/2021","20","0.030","1"
"Pisticci","p-Xilene","µg/m≥","09/12/2021","21","0.280","1"
"Pisticci","p-Xilene","µg/m≥","09/12/2021","22","0.070","1"
"Pisticci","p-Xilene","µg/m≥","09/12/2021","23","0.060","1"
"Pisticci","p-Xilene","µg/m≥","09/12/2021","24","0.090","1"
"Pisticci","p-Xilene","µg/m≥","10/12/2021","01","0.080","1"
"Pisticci","p-Xilene","µg/m≥","10/12/2021","02","0.280","1"
"Pisticci","p-Xilene","µg/m≥","10/12/2021","03","0.090","1"
"Pisticci","p-Xilene","µg/m≥","10/12/2021","04","0.010","1"
"Pisticci","p-Xilene","µg/m≥","10/12/2021","05","0.010","1"
"Pisticci","p-Xilene","µg/m≥","10/12/2021","06","0.010","1"
"Pisticci","p-Xilene","µg/m≥","10/12/2021","07","0.010","1"
"Pisticci","p-Xilene","µg/m≥","10/12/2021","08","0.000","1"
"Pisticci","p-Xilene","µg/m≥","10/12/2021","09","0.000","1"
"Pisticci","p-Xilene","µg/m≥","10/12/2021","10","0.000","1"
"Pisticci","p-Xilene","µg/m≥","10/12/2021","11","0.000","1"
"Pisticci","p-Xilene","µg/m≥","10/12/2021","12","0.010","1"
"Pisticci","p-Xilene","µg/m≥","10/12/2021","13","0.010","1"
"Pisticci","p-Xilene","µg/m≥","10/12/2021","14","0.010","1"
"Pisticci","p-Xilene","µg/m≥","10/12/2021","15","0.010","1"
"Pisticci","p-Xilene","µg/m≥","10/12/2021","16","0.010","1"
"Pisticci","p-Xilene","µg/m≥","10/12/2021","17","0.010","1"
"Pisticci","p-Xilene","µg/m≥","10/12/2021","18","0.010","1"
"Pisticci","p-Xilene","µg/m≥","10/12/2021","19","0.000","1"
"Pisticci","p-Xilene","µg/m≥","10/12/2021","20","0.000","1"
"Pisticci","p-Xilene","µg/m≥","10/12/2021","21","0.010","1"
"Pisticci","p-Xilene","µg/m≥","10/12/2021","22","0.070","1"
"Pisticci","p-Xilene","µg/m≥","10/12/2021","23","0.020","1"
"Pisticci","p-Xilene","µg/m≥","10/12/2021","24","0.030","1"
"Pisticci","p-Xilene","µg/m≥","11/12/2021","01","0.010","1"
"Pisticci","p-Xilene","µg/m≥","11/12/2021","02","0.030","1"
"Pisticci","p-Xilene","µg/m≥","11/12/2021","03","0.010","1"
"Pisticci","p-Xilene","µg/m≥","11/12/2021","04","0.010","1"
"Pisticci","p-Xilene","µg/m≥","11/12/2021","05","0.010","1"
"Pisticci","p-Xilene","µg/m≥","11/12/2021","06","0.010","1"
"Pisticci","p-Xilene","µg/m≥","11/12/2021","07","0.010","1"
"Pisticci","p-Xilene","µg/m≥","11/12/2021","08","0.020","1"
"Pisticci","p-Xilene","µg/m≥","11/12/2021","09","0.220","1"
"Pisticci","p-Xilene","µg/m≥","11/12/2021","10","0.150","1"
"Pisticci","p-Xilene","µg/m≥","11/12/2021","11","0.150","1"
"Pisticci","p-Xilene","µg/m≥","11/12/2021","12","0.070","1"
"Pisticci","p-Xilene","µg/m≥","11/12/2021","13","0.090","1"
"Pisticci","p-Xilene","µg/m≥","11/12/2021","14","0.120","1"
"Pisticci","p-Xilene","µg/m≥","11/12/2021","15","0.030","1"
"Pisticci","p-Xilene","µg/m≥","11/12/2021","16","0.010","1"
"Pisticci","p-Xilene","µg/m≥","11/12/2021","17","0.040","1"
"Pisticci","p-Xilene","µg/m≥","11/12/2021","18","0.030","1"
"Pisticci","p-Xilene","µg/m≥","11/12/2021","19","0.080","1"
"Pisticci","p-Xilene","µg/m≥","11/12/2021","20","0.180","1"
"Pisticci","p-Xilene","µg/m≥","11/12/2021","21","0.070","1"
"Pisticci","p-Xilene","µg/m≥","11/12/2021","22","0.160","1"
"Pisticci","p-Xilene","µg/m≥","11/12/2021","23","0.020","1"
"Pisticci","p-Xilene","µg/m≥","11/12/2021","24","0.020","1"
"Pisticci","p-Xilene","µg/m≥","12/12/2021","01","0.010","1"
"Pisticci","p-Xilene","µg/m≥","12/12/2021","02","0.050","1"
"Pisticci","p-Xilene","µg/m≥","12/12/2021","03","0.110","1"
"Pisticci","p-Xilene","µg/m≥","12/12/2021","04","0.230","1"
"Pisticci","p-Xilene","µg/m≥","12/12/2021","05","0.250","1"
"Pisticci","p-Xilene","µg/m≥","12/12/2021","06","0.240","1"
"Pisticci","p-Xilene","µg/m≥","12/12/2021","07","0.250","1"
"Pisticci","p-Xilene","µg/m≥","12/12/2021","08","0.120","1"
"Pisticci","p-Xilene","µg/m≥","12/12/2021","09","0.120","1"
"Pisticci","p-Xilene","µg/m≥","12/12/2021","10","0.190","1"
"Pisticci","p-Xilene","µg/m≥","12/12/2021","11","0.090","1"
"Pisticci","p-Xilene","µg/m≥","12/12/2021","12","0.180","1"
"Pisticci","p-Xilene","µg/m≥","12/12/2021","13","0.170","1"
"Pisticci","p-Xilene","µg/m≥","12/12/2021","14","0.140","1"
"Pisticci","p-Xilene","µg/m≥","12/12/2021","15","0.130","1"
"Pisticci","p-Xilene","µg/m≥","12/12/2021","16","0.150","1"
"Pisticci","p-Xilene","µg/m≥","12/12/2021","17","0.090","1"
"Pisticci","p-Xilene","µg/m≥","12/12/2021","18","0.010","1"
"Pisticci","p-Xilene","µg/m≥","12/12/2021","19","0.010","1"
"Pisticci","p-Xilene","µg/m≥","12/12/2021","20","0.070","1"
"Pisticci","p-Xilene","µg/m≥","12/12/2021","21","0.110","1"
"Pisticci","p-Xilene","µg/m≥","12/12/2021","22","0.040","1"
"Pisticci","p-Xilene","µg/m≥","12/12/2021","23","0.070","1"
"Pisticci","p-Xilene","µg/m≥","12/12/2021","24","0.070","1"
"Pisticci","p-Xilene","µg/m≥","13/12/2021","01","0.020","1"
"Pisticci","p-Xilene","µg/m≥","13/12/2021","02","0.010","1"
"Pisticci","p-Xilene","µg/m≥","13/12/2021","03","0.100","1"
"Pisticci","p-Xilene","µg/m≥","13/12/2021","04","0.030","1"
"Pisticci","p-Xilene","µg/m≥","13/12/2021","05","0.170","1"
"Pisticci","p-Xilene","µg/m≥","13/12/2021","06","0.190","1"
"Pisticci","p-Xilene","µg/m≥","13/12/2021","07","0.220","1"
"Pisticci","p-Xilene","µg/m≥","13/12/2021","08","0.260","1"
"Pisticci","p-Xilene","µg/m≥","13/12/2021","09","0.260","1"
"Pisticci","p-Xilene","µg/m≥","13/12/2021","10","0.230","1"
"Pisticci","p-Xilene","µg/m≥","13/12/2021","11","0.130","1"
"Pisticci","p-Xilene","µg/m≥","13/12/2021","12","0.240","1"
"Pisticci","p-Xilene","µg/m≥","13/12/2021","13","0.020","1"
"Pisticci","p-Xilene","µg/m≥","13/12/2021","14","0.040","1"
"Pisticci","p-Xilene","µg/m≥","13/12/2021","15","0.010","1"
"Pisticci","p-Xilene","µg/m≥","13/12/2021","16","0.020","1"
"Pisticci","p-Xilene","µg/m≥","13/12/2021","17","0.050","1"
"Pisticci","p-Xilene","µg/m≥","13/12/2021","18","-9999","-1"
"Pisticci","p-Xilene","µg/m≥","13/12/2021","19","-9999","-1"
"Pisticci","p-Xilene","µg/m≥","13/12/2021","20","-9999","-1"
"Pisticci","p-Xilene","µg/m≥","13/12/2021","21","-9999","-1"
"Pisticci","p-Xilene","µg/m≥","13/12/2021","22","1.850","1"
"Pisticci","p-Xilene","µg/m≥","13/12/2021","23","0.290","1"
"Pisticci","p-Xilene","µg/m≥","13/12/2021","24","0.020","1"
"Pisticci","p-Xilene","µg/m≥","14/12/2021","01","0.100","1"
"Pisticci","p-Xilene","µg/m≥","14/12/2021","02","0.030","1"
"Pisticci","p-Xilene","µg/m≥","14/12/2021","03","0.070","1"
"Pisticci","p-Xilene","µg/m≥","14/12/2021","04","0.080","1"
"Pisticci","p-Xilene","µg/m≥","14/12/2021","05","0.150","1"
"Pisticci","p-Xilene","µg/m≥","14/12/2021","06","0.180","1"
"Pisticci","p-Xilene","µg/m≥","14/12/2021","07","0.020","1"
"Pisticci","p-Xilene","µg/m≥","14/12/2021","08","0.080","1"
"Pisticci","p-Xilene","µg/m≥","14/12/2021","09","0.320","1"
"Pisticci","p-Xilene","µg/m≥","14/12/2021","10","0.420","1"
"Pisticci","p-Xilene","µg/m≥","14/12/2021","11","0.210","1"
"Pisticci","p-Xilene","µg/m≥","14/12/2021","12","0.270","1"
"Pisticci","p-Xilene","µg/m≥","14/12/2021","13","0.180","1"
"Pisticci","p-Xilene","µg/m≥","14/12/2021","14","0.120","1"
"Pisticci","p-Xilene","µg/m≥","14/12/2021","15","0.020","1"
"Pisticci","p-Xilene","µg/m≥","14/12/2021","16","0.130","1"
"Pisticci","p-Xilene","µg/m≥","14/12/2021","17","0.090","1"
"Pisticci","p-Xilene","µg/m≥","14/12/2021","18","0.090","1"
"Pisticci","p-Xilene","µg/m≥","14/12/2021","19","0.170","1"
"Pisticci","p-Xilene","µg/m≥","14/12/2021","20","0.540","1"
"Pisticci","p-Xilene","µg/m≥","14/12/2021","21","0.150","1"
"Pisticci","p-Xilene","µg/m≥","14/12/2021","22","0.020","1"
"Pisticci","p-Xilene","µg/m≥","14/12/2021","23","0.170","1"
"Pisticci","p-Xilene","µg/m≥","14/12/2021","24","0.050","1"
"Pisticci","p-Xilene","µg/m≥","15/12/2021","01","0.020","1"
"Pisticci","p-Xilene","µg/m≥","15/12/2021","02","0.090","1"
"Pisticci","p-Xilene","µg/m≥","15/12/2021","03","0.020","1"
"Pisticci","p-Xilene","µg/m≥","15/12/2021","04","0.120","1"
"Pisticci","p-Xilene","µg/m≥","15/12/2021","05","0.100","1"
"Pisticci","p-Xilene","µg/m≥","15/12/2021","06","0.150","1"
"Pisticci","p-Xilene","µg/m≥","15/12/2021","07","0.200","1"
"Pisticci","p-Xilene","µg/m≥","15/12/2021","08","0.210","1"
"Pisticci","p-Xilene","µg/m≥","15/12/2021","09","0.230","1"
"Pisticci","p-Xilene","µg/m≥","15/12/2021","10","0.430","1"
"Pisticci","p-Xilene","µg/m≥","15/12/2021","11","0.280","1"
"Pisticci","p-Xilene","µg/m≥","15/12/2021","12","0.120","1"
"Pisticci","p-Xilene","µg/m≥","15/12/2021","13","0.070","1"
"Pisticci","p-Xilene","µg/m≥","15/12/2021","14","0.090","1"
"Pisticci","p-Xilene","µg/m≥","15/12/2021","15","0.100","1"
"Pisticci","p-Xilene","µg/m≥","15/12/2021","16","0.020","1"
"Pisticci","p-Xilene","µg/m≥","15/12/2021","17","0.110","1"
"Pisticci","p-Xilene","µg/m≥","15/12/2021","18","0.070","1"
"Pisticci","p-Xilene","µg/m≥","15/12/2021","19","0.480","1"
"Pisticci","p-Xilene","µg/m≥","15/12/2021","20","0.570","1"
"Pisticci","p-Xilene","µg/m≥","15/12/2021","21","0.190","1"
"Pisticci","p-Xilene","µg/m≥","15/12/2021","22","0.020","1"
"Pisticci","p-Xilene","µg/m≥","15/12/2021","23","0.550","1"
"Pisticci","p-Xilene","µg/m≥","15/12/2021","24","0.340","1"
"Pisticci","p-Xilene","µg/m≥","16/12/2021","01","0.190","1"
"Pisticci","p-Xilene","µg/m≥","16/12/2021","02","0.210","1"
"Pisticci","p-Xilene","µg/m≥","16/12/2021","03","0.290","1"
"Pisticci","p-Xilene","µg/m≥","16/12/2021","04","0.150","1"
"Pisticci","p-Xilene","µg/m≥","16/12/2021","05","0.370","1"
"Pisticci","p-Xilene","µg/m≥","16/12/2021","06","0.440","1"
"Pisticci","p-Xilene","µg/m≥","16/12/2021","07","0.440","1"
"Pisticci","p-Xilene","µg/m≥","16/12/2021","08","0.430","1"
"Pisticci","p-Xilene","µg/m≥","16/12/2021","09","0.440","1"
"Pisticci","p-Xilene","µg/m≥","16/12/2021","10","0.610","1"
"Pisticci","p-Xilene","µg/m≥","16/12/2021","11","0.330","1"
"Pisticci","p-Xilene","µg/m≥","16/12/2021","12","0.280","1"
"Pisticci","p-Xilene","µg/m≥","16/12/2021","13","0.100","1"
"Pisticci","p-Xilene","µg/m≥","16/12/2021","14","0.290","1"
"Pisticci","p-Xilene","µg/m≥","16/12/2021","15","0.300","1"
"Pisticci","p-Xilene","µg/m≥","16/12/2021","16","0.230","1"
"Pisticci","p-Xilene","µg/m≥","16/12/2021","17","0.270","1"
"Pisticci","p-Xilene","µg/m≥","16/12/2021","18","0.310","1"
"Pisticci","p-Xilene","µg/m≥","16/12/2021","19","0.650","1"
"Pisticci","p-Xilene","µg/m≥","16/12/2021","20","0.630","1"
"Pisticci","p-Xilene","µg/m≥","16/12/2021","21","0.270","1"
"Pisticci","p-Xilene","µg/m≥","16/12/2021","22","0.410","1"
"Pisticci","p-Xilene","µg/m≥","16/12/2021","23","0.350","1"
"Pisticci","p-Xilene","µg/m≥","16/12/2021","24","0.450","1"
"Pisticci","p-Xilene","µg/m≥","17/12/2021","01","0.410","1"
"Pisticci","p-Xilene","µg/m≥","17/12/2021","02","0.400","1"
"Pisticci","p-Xilene","µg/m≥","17/12/2021","03","0.410","1"
"Pisticci","p-Xilene","µg/m≥","17/12/2021","04","0.200","1"
"Pisticci","p-Xilene","µg/m≥","17/12/2021","05","0.400","1"
"Pisticci","p-Xilene","µg/m≥","17/12/2021","06","0.450","1"
"Pisticci","p-Xilene","µg/m≥","17/12/2021","07","0.390","1"
"Pisticci","p-Xilene","µg/m≥","17/12/2021","08","0.410","1"
"Pisticci","p-Xilene","µg/m≥","17/12/2021","09","0.400","1"
"Pisticci","p-Xilene","µg/m≥","17/12/2021","10","0.480","1"
"Pisticci","p-Xilene","µg/m≥","17/12/2021","11","0.350","1"
"Pisticci","p-Xilene","µg/m≥","17/12/2021","12","0.260","1"
"Pisticci","p-Xilene","µg/m≥","17/12/2021","13","0.190","1"
"Pisticci","p-Xilene","µg/m≥","17/12/2021","14","0.170","1"
"Pisticci","p-Xilene","µg/m≥","17/12/2021","15","0.140","1"
"Pisticci","p-Xilene","µg/m≥","17/12/2021","16","0.180","1"
"Pisticci","p-Xilene","µg/m≥","17/12/2021","17","0.260","1"
"Pisticci","p-Xilene","µg/m≥","17/12/2021","18","0.160","1"
"Pisticci","p-Xilene","µg/m≥","17/12/2021","19","0.320","1"
"Pisticci","p-Xilene","µg/m≥","17/12/2021","20","0.320","1"
"Pisticci","p-Xilene","µg/m≥","17/12/2021","21","0.380","1"
"Pisticci","p-Xilene","µg/m≥","17/12/2021","22","0.400","1"
"Pisticci","p-Xilene","µg/m≥","17/12/2021","23","0.410","1"
"Pisticci","p-Xilene","µg/m≥","17/12/2021","24","0.400","1"
"Pisticci","p-Xilene","µg/m≥","18/12/2021","01","0.400","1"
"Pisticci","p-Xilene","µg/m≥","18/12/2021","02","0.360","1"
"Pisticci","p-Xilene","µg/m≥","18/12/2021","03","0.300","1"
"Pisticci","p-Xilene","µg/m≥","18/12/2021","04","0.260","1"
"Pisticci","p-Xilene","µg/m≥","18/12/2021","05","0.130","1"
"Pisticci","p-Xilene","µg/m≥","18/12/2021","06","0.140","1"
"Pisticci","p-Xilene","µg/m≥","18/12/2021","07","0.090","1"
"Pisticci","p-Xilene","µg/m≥","18/12/2021","08","0.090","1"
"Pisticci","p-Xilene","µg/m≥","18/12/2021","09","0.050","1"
"Pisticci","p-Xilene","µg/m≥","18/12/2021","10","0.250","1"
"Pisticci","p-Xilene","µg/m≥","18/12/2021","11","0.070","1"
"Pisticci","p-Xilene","µg/m≥","18/12/2021","12","0.180","1"
"Pisticci","p-Xilene","µg/m≥","18/12/2021","13","0.020","1"
"Pisticci","p-Xilene","µg/m≥","18/12/2021","14","0.130","1"
"Pisticci","p-Xilene","µg/m≥","18/12/2021","15","0.060","1"
"Pisticci","p-Xilene","µg/m≥","18/12/2021","16","0.040","1"
"Pisticci","p-Xilene","µg/m≥","18/12/2021","17","0.040","1"
"Pisticci","p-Xilene","µg/m≥","18/12/2021","18","0.050","1"
"Pisticci","p-Xilene","µg/m≥","18/12/2021","19","0.020","1"
"Pisticci","p-Xilene","µg/m≥","18/12/2021","20","0.060","1"
"Pisticci","p-Xilene","µg/m≥","18/12/2021","21","0.010","1"
"Pisticci","p-Xilene","µg/m≥","18/12/2021","22","0.040","1"
"Pisticci","p-Xilene","µg/m≥","18/12/2021","23","0.010","1"
"Pisticci","p-Xilene","µg/m≥","18/12/2021","24","0.050","1"
"Pisticci","p-Xilene","µg/m≥","19/12/2021","01","0.030","1"
"Pisticci","p-Xilene","µg/m≥","19/12/2021","02","0.060","1"
"Pisticci","p-Xilene","µg/m≥","19/12/2021","03","0.060","1"
"Pisticci","p-Xilene","µg/m≥","19/12/2021","04","0.200","1"
"Pisticci","p-Xilene","µg/m≥","19/12/2021","05","0.120","1"
"Pisticci","p-Xilene","µg/m≥","19/12/2021","06","0.080","1"
"Pisticci","p-Xilene","µg/m≥","19/12/2021","07","0.170","1"
"Pisticci","p-Xilene","µg/m≥","19/12/2021","08","0.180","1"
"Pisticci","p-Xilene","µg/m≥","19/12/2021","09","0.090","1"
"Pisticci","p-Xilene","µg/m≥","19/12/2021","10","0.140","1"
"Pisticci","p-Xilene","µg/m≥","19/12/2021","11","0.090","1"
"Pisticci","p-Xilene","µg/m≥","19/12/2021","12","0.020","1"
"Pisticci","p-Xilene","µg/m≥","19/12/2021","13","0.060","1"
"Pisticci","p-Xilene","µg/m≥","19/12/2021","14","0.130","1"
"Pisticci","p-Xilene","µg/m≥","19/12/2021","15","0.080","1"
"Pisticci","p-Xilene","µg/m≥","19/12/2021","16","0.020","1"
"Pisticci","p-Xilene","µg/m≥","19/12/2021","17","0.070","1"
"Pisticci","p-Xilene","µg/m≥","19/12/2021","18","0.150","1"
"Pisticci","p-Xilene","µg/m≥","19/12/2021","19","0.100","1"
"Pisticci","p-Xilene","µg/m≥","19/12/2021","20","0.130","1"
"Pisticci","p-Xilene","µg/m≥","19/12/2021","21","0.330","1"
"Pisticci","p-Xilene","µg/m≥","19/12/2021","22","0.250","1"
"Pisticci","p-Xilene","µg/m≥","19/12/2021","23","0.370","1"
"Pisticci","p-Xilene","µg/m≥","19/12/2021","24","0.200","1"
"Pisticci","p-Xilene","µg/m≥","20/12/2021","01","0.280","1"
"Pisticci","p-Xilene","µg/m≥","20/12/2021","02","0.250","1"
"Pisticci","p-Xilene","µg/m≥","20/12/2021","03","0.220","1"
"Pisticci","p-Xilene","µg/m≥","20/12/2021","04","0.200","1"
"Pisticci","p-Xilene","µg/m≥","20/12/2021","05","0.200","1"
"Pisticci","p-Xilene","µg/m≥","20/12/2021","06","0.150","1"
"Pisticci","p-Xilene","µg/m≥","20/12/2021","07","0.070","1"
"Pisticci","p-Xilene","µg/m≥","20/12/2021","08","0.130","1"
"Pisticci","p-Xilene","µg/m≥","20/12/2021","09","0.420","1"
"Pisticci","p-Xilene","µg/m≥","20/12/2021","10","0.380","1"
"Pisticci","p-Xilene","µg/m≥","20/12/2021","11","0.390","1"
"Pisticci","p-Xilene","µg/m≥","20/12/2021","12","0.660","1"
"Pisticci","p-Xilene","µg/m≥","20/12/2021","13","0.200","1"
"Pisticci","p-Xilene","µg/m≥","20/12/2021","14","0.110","1"
"Pisticci","p-Xilene","µg/m≥","20/12/2021","15","0.150","1"
"Pisticci","p-Xilene","µg/m≥","20/12/2021","16","0.030","1"
"Pisticci","p-Xilene","µg/m≥","20/12/2021","17","0.120","1"
"Pisticci","p-Xilene","µg/m≥","20/12/2021","18","0.260","1"
"Pisticci","p-Xilene","µg/m≥","20/12/2021","19","0.550","1"
"Pisticci","p-Xilene","µg/m≥","20/12/2021","20","0.510","1"
"Pisticci","p-Xilene","µg/m≥","20/12/2021","21","0.290","1"
"Pisticci","p-Xilene","µg/m≥","20/12/2021","22","0.210","1"
"Pisticci","p-Xilene","µg/m≥","20/12/2021","23","0.170","1"
"Pisticci","p-Xilene","µg/m≥","20/12/2021","24","0.020","1"
"Pisticci","p-Xilene","µg/m≥","21/12/2021","01","0.170","1"
"Pisticci","p-Xilene","µg/m≥","21/12/2021","02","0.360","1"
"Pisticci","p-Xilene","µg/m≥","21/12/2021","03","0.240","1"
"Pisticci","p-Xilene","µg/m≥","21/12/2021","04","0.190","1"
"Pisticci","p-Xilene","µg/m≥","21/12/2021","05","0.070","1"
"Pisticci","p-Xilene","µg/m≥","21/12/2021","06","0.210","1"
"Pisticci","p-Xilene","µg/m≥","21/12/2021","07","0.260","1"
"Pisticci","p-Xilene","µg/m≥","21/12/2021","08","0.340","1"
"Pisticci","p-Xilene","µg/m≥","21/12/2021","09","0.790","1"
"Pisticci","p-Xilene","µg/m≥","21/12/2021","10","0.570","1"
"Pisticci","p-Xilene","µg/m≥","21/12/2021","11","0.490","1"
"Pisticci","p-Xilene","µg/m≥","21/12/2021","12","0.220","1"
"Pisticci","p-Xilene","µg/m≥","21/12/2021","13","0.210","1"
"Pisticci","p-Xilene","µg/m≥","21/12/2021","14","0.090","1"
"Pisticci","p-Xilene","µg/m≥","21/12/2021","15","0.110","1"
"Pisticci","p-Xilene","µg/m≥","21/12/2021","16","0.250","1"
"Pisticci","p-Xilene","µg/m≥","21/12/2021","17","0.080","1"
"Pisticci","p-Xilene","µg/m≥","21/12/2021","18","0.320","1"
"Pisticci","p-Xilene","µg/m≥","21/12/2021","19","0.490","1"
"Pisticci","p-Xilene","µg/m≥","21/12/2021","20","0.350","1"
"Pisticci","p-Xilene","µg/m≥","21/12/2021","21","0.270","1"
"Pisticci","p-Xilene","µg/m≥","21/12/2021","22","0.270","1"
"Pisticci","p-Xilene","µg/m≥","21/12/2021","23","0.300","1"
"Pisticci","p-Xilene","µg/m≥","21/12/2021","24","0.340","1"
"Pisticci","p-Xilene","µg/m≥","22/12/2021","01","0.310","1"
"Pisticci","p-Xilene","µg/m≥","22/12/2021","02","0.370","1"
"Pisticci","p-Xilene","µg/m≥","22/12/2021","03","0.250","1"
"Pisticci","p-Xilene","µg/m≥","22/12/2021","04","0.170","1"
"Pisticci","p-Xilene","µg/m≥","22/12/2021","05","0.140","1"
"Pisticci","p-Xilene","µg/m≥","22/12/2021","06","0.130","1"
"Pisticci","p-Xilene","µg/m≥","22/12/2021","07","0.100","1"
"Pisticci","p-Xilene","µg/m≥","22/12/2021","08","0.120","1"
"Pisticci","p-Xilene","µg/m≥","22/12/2021","09","0.440","1"
"Pisticci","p-Xilene","µg/m≥","22/12/2021","10","0.490","1"
"Pisticci","p-Xilene","µg/m≥","22/12/2021","11","0.460","1"
"Pisticci","p-Xilene","µg/m≥","22/12/2021","12","0.260","1"
"Pisticci","p-Xilene","µg/m≥","22/12/2021","13","0.260","1"
"Pisticci","p-Xilene","µg/m≥","22/12/2021","14","0.330","1"
"Pisticci","p-Xilene","µg/m≥","22/12/2021","15","0.090","1"
"Pisticci","p-Xilene","µg/m≥","22/12/2021","16","0.070","1"
"Pisticci","p-Xilene","µg/m≥","22/12/2021","17","0.150","1"
"Pisticci","p-Xilene","µg/m≥","22/12/2021","18","0.060","1"
"Pisticci","p-Xilene","µg/m≥","22/12/2021","19","0.320","1"
"Pisticci","p-Xilene","µg/m≥","22/12/2021","20","0.330","1"
"Pisticci","p-Xilene","µg/m≥","22/12/2021","21","0.330","1"
"Pisticci","p-Xilene","µg/m≥","22/12/2021","22","0.440","1"
"Pisticci","p-Xilene","µg/m≥","22/12/2021","23","0.290","1"
"Pisticci","p-Xilene","µg/m≥","22/12/2021","24","0.280","1"
"Pisticci","p-Xilene","µg/m≥","23/12/2021","01","0.320","1"
"Pisticci","p-Xilene","µg/m≥","23/12/2021","02","0.370","1"
"Pisticci","p-Xilene","µg/m≥","23/12/2021","03","0.380","1"
"Pisticci","p-Xilene","µg/m≥","23/12/2021","04","0.350","1"
"Pisticci","p-Xilene","µg/m≥","23/12/2021","05","0.300","1"
"Pisticci","p-Xilene","µg/m≥","23/12/2021","06","0.390","1"
"Pisticci","p-Xilene","µg/m≥","23/12/2021","07","0.360","1"
"Pisticci","p-Xilene","µg/m≥","23/12/2021","08","0.300","1"
"Pisticci","p-Xilene","µg/m≥","23/12/2021","09","0.250","1"
"Pisticci","p-Xilene","µg/m≥","23/12/2021","10","0.220","1"
"Pisticci","p-Xilene","µg/m≥","23/12/2021","11","0.210","1"
"Pisticci","p-Xilene","µg/m≥","23/12/2021","12","0.040","1"
"Pisticci","p-Xilene","µg/m≥","23/12/2021","13","0.270","1"
"Pisticci","p-Xilene","µg/m≥","23/12/2021","14","0.080","1"
"Pisticci","p-Xilene","µg/m≥","23/12/2021","15","0.150","1"
"Pisticci","p-Xilene","µg/m≥","23/12/2021","16","0.370","1"
"Pisticci","p-Xilene","µg/m≥","23/12/2021","17","0.230","1"
"Pisticci","p-Xilene","µg/m≥","23/12/2021","18","0.180","1"
"Pisticci","p-Xilene","µg/m≥","23/12/2021","19","0.540","1"
"Pisticci","p-Xilene","µg/m≥","23/12/2021","20","0.700","1"
"Pisticci","p-Xilene","µg/m≥","23/12/2021","21","0.370","1"
"Pisticci","p-Xilene","µg/m≥","23/12/2021","22","0.300","1"
"Pisticci","p-Xilene","µg/m≥","23/12/2021","23","0.380","1"
"Pisticci","p-Xilene","µg/m≥","23/12/2021","24","0.200","1"
"Pisticci","p-Xilene","µg/m≥","24/12/2021","01","0.160","1"
"Pisticci","p-Xilene","µg/m≥","24/12/2021","02","0.160","1"
"Pisticci","p-Xilene","µg/m≥","24/12/2021","03","0.120","1"
"Pisticci","p-Xilene","µg/m≥","24/12/2021","04","0.080","1"
"Pisticci","p-Xilene","µg/m≥","24/12/2021","05","0.090","1"
"Pisticci","p-Xilene","µg/m≥","24/12/2021","06","0.160","1"
"Pisticci","p-Xilene","µg/m≥","24/12/2021","07","0.020","1"
"Pisticci","p-Xilene","µg/m≥","24/12/2021","08","0.170","1"
"Pisticci","p-Xilene","µg/m≥","24/12/2021","09","0.380","1"
"Pisticci","p-Xilene","µg/m≥","24/12/2021","10","0.420","1"
"Pisticci","p-Xilene","µg/m≥","24/12/2021","11","1.460","1"
"Pisticci","p-Xilene","µg/m≥","24/12/2021","12","0.110","1"
"Pisticci","p-Xilene","µg/m≥","24/12/2021","13","0.040","1"
"Pisticci","p-Xilene","µg/m≥","24/12/2021","14","0.010","1"
"Pisticci","p-Xilene","µg/m≥","24/12/2021","15","0.010","1"
"Pisticci","p-Xilene","µg/m≥","24/12/2021","16","0.010","1"
"Pisticci","p-Xilene","µg/m≥","24/12/2021","17","0.010","1"
"Pisticci","p-Xilene","µg/m≥","24/12/2021","18","0.070","1"
"Pisticci","p-Xilene","µg/m≥","24/12/2021","19","0.120","1"
"Pisticci","p-Xilene","µg/m≥","24/12/2021","20","0.420","1"
"Pisticci","p-Xilene","µg/m≥","24/12/2021","21","1.140","1"
"Pisticci","p-Xilene","µg/m≥","24/12/2021","22","1.050","1"
"Pisticci","p-Xilene","µg/m≥","24/12/2021","23","0.590","1"
"Pisticci","p-Xilene","µg/m≥","24/12/2021","24","0.280","1"
"Pisticci","p-Xilene","µg/m≥","25/12/2021","01","0.200","1"
"Pisticci","p-Xilene","µg/m≥","25/12/2021","02","0.580","1"
"Pisticci","p-Xilene","µg/m≥","25/12/2021","03","0.390","1"
"Pisticci","p-Xilene","µg/m≥","25/12/2021","04","0.280","1"
"Pisticci","p-Xilene","µg/m≥","25/12/2021","05","0.420","1"
"Pisticci","p-Xilene","µg/m≥","25/12/2021","06","0.290","1"
"Pisticci","p-Xilene","µg/m≥","25/12/2021","07","0.120","1"
"Pisticci","p-Xilene","µg/m≥","25/12/2021","08","0.210","1"
"Pisticci","p-Xilene","µg/m≥","25/12/2021","09","0.270","1"
"Pisticci","p-Xilene","µg/m≥","25/12/2021","10","0.330","1"
"Pisticci","p-Xilene","µg/m≥","25/12/2021","11","0.380","1"
"Pisticci","p-Xilene","µg/m≥","25/12/2021","12","0.110","1"
"Pisticci","p-Xilene","µg/m≥","25/12/2021","13","0.600","1"
"Pisticci","p-Xilene","µg/m≥","25/12/2021","14","0.150","1"
"Pisticci","p-Xilene","µg/m≥","25/12/2021","15","0.020","1"
"Pisticci","p-Xilene","µg/m≥","25/12/2021","16","0.020","1"
"Pisticci","p-Xilene","µg/m≥","25/12/2021","17","0.010","1"
"Pisticci","p-Xilene","µg/m≥","25/12/2021","18","0.120","1"
"Pisticci","p-Xilene","µg/m≥","25/12/2021","19","0.010","1"
"Pisticci","p-Xilene","µg/m≥","25/12/2021","20","0.300","1"
"Pisticci","p-Xilene","µg/m≥","25/12/2021","21","0.280","1"
"Pisticci","p-Xilene","µg/m≥","25/12/2021","22","0.180","1"
"Pisticci","p-Xilene","µg/m≥","25/12/2021","23","0.270","1"
"Pisticci","p-Xilene","µg/m≥","25/12/2021","24","0.630","1"
"Pisticci","p-Xilene","µg/m≥","26/12/2021","01","0.240","1"
"Pisticci","p-Xilene","µg/m≥","26/12/2021","02","0.260","1"
"Pisticci","p-Xilene","µg/m≥","26/12/2021","03","0.210","1"
"Pisticci","p-Xilene","µg/m≥","26/12/2021","04","0.260","1"
"Pisticci","p-Xilene","µg/m≥","26/12/2021","05","0.260","1"
"Pisticci","p-Xilene","µg/m≥","26/12/2021","06","0.200","1"
"Pisticci","p-Xilene","µg/m≥","26/12/2021","07","0.430","1"
"Pisticci","p-Xilene","µg/m≥","26/12/2021","08","0.410","1"
"Pisticci","p-Xilene","µg/m≥","26/12/2021","09","0.260","1"
"Pisticci","p-Xilene","µg/m≥","26/12/2021","10","0.290","1"
"Pisticci","p-Xilene","µg/m≥","26/12/2021","11","0.540","1"
"Pisticci","p-Xilene","µg/m≥","26/12/2021","12","0.640","1"
"Pisticci","p-Xilene","µg/m≥","26/12/2021","13","0.170","1"
"Pisticci","p-Xilene","µg/m≥","26/12/2021","14","0.050","1"
"Pisticci","p-Xilene","µg/m≥","26/12/2021","15","0.030","1"
"Pisticci","p-Xilene","µg/m≥","26/12/2021","16","0.120","1"
"Pisticci","p-Xilene","µg/m≥","26/12/2021","17","0.090","1"
"Pisticci","p-Xilene","µg/m≥","26/12/2021","18","0.060","1"
"Pisticci","p-Xilene","µg/m≥","26/12/2021","19","0.050","1"
"Pisticci","p-Xilene","µg/m≥","26/12/2021","20","0.050","1"
"Pisticci","p-Xilene","µg/m≥","26/12/2021","21","0.250","1"
"Pisticci","p-Xilene","µg/m≥","26/12/2021","22","0.140","1"
"Pisticci","p-Xilene","µg/m≥","26/12/2021","23","0.250","1"
"Pisticci","p-Xilene","µg/m≥","26/12/2021","24","0.090","1"
"Pisticci","p-Xilene","µg/m≥","27/12/2021","01","0.130","1"
"Pisticci","p-Xilene","µg/m≥","27/12/2021","02","0.010","1"
"Pisticci","p-Xilene","µg/m≥","27/12/2021","03","0.010","1"
"Pisticci","p-Xilene","µg/m≥","27/12/2021","04","0.010","1"
"Pisticci","p-Xilene","µg/m≥","27/12/2021","05","0.010","1"
"Pisticci","p-Xilene","µg/m≥","27/12/2021","06","0.040","1"
"Pisticci","p-Xilene","µg/m≥","27/12/2021","07","0.040","1"
"Pisticci","p-Xilene","µg/m≥","27/12/2021","08","0.060","1"
"Pisticci","p-Xilene","µg/m≥","27/12/2021","09","0.170","1"
"Pisticci","p-Xilene","µg/m≥","27/12/2021","10","-9999","-1"
"Pisticci","p-Xilene","µg/m≥","27/12/2021","11","-9999","-1"
"Pisticci","p-Xilene","µg/m≥","27/12/2021","12","-9999","-1"
"Pisticci","p-Xilene","µg/m≥","27/12/2021","13","-9999","-1"
"Pisticci","p-Xilene","µg/m≥","27/12/2021","14","0.200","1"
"Pisticci","p-Xilene","µg/m≥","27/12/2021","15","0.110","1"
"Pisticci","p-Xilene","µg/m≥","27/12/2021","16","0.040","1"
"Pisticci","p-Xilene","µg/m≥","27/12/2021","17","0.070","1"
"Pisticci","p-Xilene","µg/m≥","27/12/2021","18","0.250","1"
"Pisticci","p-Xilene","µg/m≥","27/12/2021","19","0.220","1"
"Pisticci","p-Xilene","µg/m≥","27/12/2021","20","0.310","1"
"Pisticci","p-Xilene","µg/m≥","27/12/2021","21","0.300","1"
"Pisticci","p-Xilene","µg/m≥","27/12/2021","22","0.170","1"
"Pisticci","p-Xilene","µg/m≥","27/12/2021","23","0.010","1"
"Pisticci","p-Xilene","µg/m≥","27/12/2021","24","0.800","1"
"Pisticci","p-Xilene","µg/m≥","28/12/2021","01","0.990","1"
"Pisticci","p-Xilene","µg/m≥","28/12/2021","02","0.810","1"
"Pisticci","p-Xilene","µg/m≥","28/12/2021","03","0.810","1"
"Pisticci","p-Xilene","µg/m≥","28/12/2021","04","0.760","1"
"Pisticci","p-Xilene","µg/m≥","28/12/2021","05","0.670","1"
"Pisticci","p-Xilene","µg/m≥","28/12/2021","06","0.520","1"
"Pisticci","p-Xilene","µg/m≥","28/12/2021","07","0.360","1"
"Pisticci","p-Xilene","µg/m≥","28/12/2021","08","0.310","1"
"Pisticci","p-Xilene","µg/m≥","28/12/2021","09","0.110","1"
"Pisticci","p-Xilene","µg/m≥","28/12/2021","10","0.340","1"
"Pisticci","p-Xilene","µg/m≥","28/12/2021","11","0.120","1"
"Pisticci","p-Xilene","µg/m≥","28/12/2021","12","0.060","1"
"Pisticci","p-Xilene","µg/m≥","28/12/2021","13","0.150","1"
"Pisticci","p-Xilene","µg/m≥","28/12/2021","14","0.090","1"
"Pisticci","p-Xilene","µg/m≥","28/12/2021","15","0.100","1"
"Pisticci","p-Xilene","µg/m≥","28/12/2021","16","0.150","1"
"Pisticci","p-Xilene","µg/m≥","28/12/2021","17","0.140","1"
"Pisticci","p-Xilene","µg/m≥","28/12/2021","18","0.420","1"
"Pisticci","p-Xilene","µg/m≥","28/12/2021","19","0.680","1"
"Pisticci","p-Xilene","µg/m≥","28/12/2021","20","1.470","1"
"Pisticci","p-Xilene","µg/m≥","28/12/2021","21","0.280","1"
"Pisticci","p-Xilene","µg/m≥","28/12/2021","22","0.240","1"
"Pisticci","p-Xilene","µg/m≥","28/12/2021","23","0.290","1"
"Pisticci","p-Xilene","µg/m≥","28/12/2021","24","0.390","1"
"Pisticci","p-Xilene","µg/m≥","29/12/2021","01","0.290","1"
"Pisticci","p-Xilene","µg/m≥","29/12/2021","02","0.190","1"
"Pisticci","p-Xilene","µg/m≥","29/12/2021","03","0.170","1"
"Pisticci","p-Xilene","µg/m≥","29/12/2021","04","0.190","1"
"Pisticci","p-Xilene","µg/m≥","29/12/2021","05","0.150","1"
"Pisticci","p-Xilene","µg/m≥","29/12/2021","06","0.260","1"
"Pisticci","p-Xilene","µg/m≥","29/12/2021","07","0.280","1"
"Pisticci","p-Xilene","µg/m≥","29/12/2021","08","0.270","1"
"Pisticci","p-Xilene","µg/m≥","29/12/2021","09","0.410","1"
"Pisticci","p-Xilene","µg/m≥","29/12/2021","10","2.510","1"
"Pisticci","p-Xilene","µg/m≥","29/12/2021","11","1.090","1"
"Pisticci","p-Xilene","µg/m≥","29/12/2021","12","0.990","1"
"Pisticci","p-Xilene","µg/m≥","29/12/2021","13","0.250","1"
"Pisticci","p-Xilene","µg/m≥","29/12/2021","14","0.020","1"
"Pisticci","p-Xilene","µg/m≥","29/12/2021","15","0.040","1"
"Pisticci","p-Xilene","µg/m≥","29/12/2021","16","0.230","1"
"Pisticci","p-Xilene","µg/m≥","29/12/2021","17","0.160","1"
"Pisticci","p-Xilene","µg/m≥","29/12/2021","18","0.260","1"
"Pisticci","p-Xilene","µg/m≥","29/12/2021","19","0.560","1"
"Pisticci","p-Xilene","µg/m≥","29/12/2021","20","0.330","1"
"Pisticci","p-Xilene","µg/m≥","29/12/2021","21","0.220","1"
"Pisticci","p-Xilene","µg/m≥","29/12/2021","22","0.180","1"
"Pisticci","p-Xilene","µg/m≥","29/12/2021","23","0.190","1"
"Pisticci","p-Xilene","µg/m≥","29/12/2021","24","0.170","1"
"Pisticci","p-Xilene","µg/m≥","30/12/2021","01","0.280","1"
"Pisticci","p-Xilene","µg/m≥","30/12/2021","02","0.210","1"
"Pisticci","p-Xilene","µg/m≥","30/12/2021","03","0.170","1"
"Pisticci","p-Xilene","µg/m≥","30/12/2021","04","0.150","1"
"Pisticci","p-Xilene","µg/m≥","30/12/2021","05","0.030","1"
"Pisticci","p-Xilene","µg/m≥","30/12/2021","06","0.020","1"
"Pisticci","p-Xilene","µg/m≥","30/12/2021","07","0.160","1"
"Pisticci","p-Xilene","µg/m≥","30/12/2021","08","0.150","1"
"Pisticci","p-Xilene","µg/m≥","30/12/2021","09","0.140","1"
"Pisticci","p-Xilene","µg/m≥","30/12/2021","10","0.170","1"
"Pisticci","p-Xilene","µg/m≥","30/12/2021","11","0.300","1"
"Pisticci","p-Xilene","µg/m≥","30/12/2021","12","0.180","1"
"Pisticci","p-Xilene","µg/m≥","30/12/2021","13","0.140","1"
"Pisticci","p-Xilene","µg/m≥","30/12/2021","14","0.070","1"
"Pisticci","p-Xilene","µg/m≥","30/12/2021","15","0.060","1"
"Pisticci","p-Xilene","µg/m≥","30/12/2021","16","0.050","1"
"Pisticci","p-Xilene","µg/m≥","30/12/2021","17","0.050","1"
"Pisticci","p-Xilene","µg/m≥","30/12/2021","18","0.170","1"
"Pisticci","p-Xilene","µg/m≥","30/12/2021","19","0.090","1"
"Pisticci","p-Xilene","µg/m≥","30/12/2021","20","0.230","1"
"Pisticci","p-Xilene","µg/m≥","30/12/2021","21","0.860","1"
"Pisticci","p-Xilene","µg/m≥","30/12/2021","22","1.140","1"
"Pisticci","p-Xilene","µg/m≥","30/12/2021","23","0.450","1"
"Pisticci","p-Xilene","µg/m≥","30/12/2021","24","0.170","1"
"Pisticci","p-Xilene","µg/m≥","31/12/2021","01","0.410","1"
"Pisticci","p-Xilene","µg/m≥","31/12/2021","02","0.400","1"
"Pisticci","p-Xilene","µg/m≥","31/12/2021","03","0.530","1"
"Pisticci","p-Xilene","µg/m≥","31/12/2021","04","0.750","1"
"Pisticci","p-Xilene","µg/m≥","31/12/2021","05","1.000","1"
"Pisticci","p-Xilene","µg/m≥","31/12/2021","06","0.400","1"
"Pisticci","p-Xilene","µg/m≥","31/12/2021","07","1.210","1"
"Pisticci","p-Xilene","µg/m≥","31/12/2021","08","1.010","1"
"Pisticci","p-Xilene","µg/m≥","31/12/2021","09","1.190","1"
"Pisticci","p-Xilene","µg/m≥","31/12/2021","10","0.660","1"
"Pisticci","p-Xilene","µg/m≥","31/12/2021","11","4.950","1"
"Pisticci","p-Xilene","µg/m≥","31/12/2021","12","0.360","1"
"Pisticci","p-Xilene","µg/m≥","31/12/2021","13","0.250","1"
"Pisticci","p-Xilene","µg/m≥","31/12/2021","14","0.470","1"
"Pisticci","p-Xilene","µg/m≥","31/12/2021","15","0.080","1"
"Pisticci","p-Xilene","µg/m≥","31/12/2021","16","0.100","1"
"Pisticci","p-Xilene","µg/m≥","31/12/2021","17","0.060","1"
"Pisticci","p-Xilene","µg/m≥","31/12/2021","18","0.270","1"
"Pisticci","p-Xilene","µg/m≥","31/12/2021","19","0.110","1"
"Pisticci","p-Xilene","µg/m≥","31/12/2021","20","0.140","1"
"Pisticci","p-Xilene","µg/m≥","31/12/2021","21","2.440","1"
"Pisticci","p-Xilene","µg/m≥","31/12/2021","22","14.820","1"
"Pisticci","p-Xilene","µg/m≥","31/12/2021","23","4.890","1"
"Pisticci","p-Xilene","µg/m≥","31/12/2021","24","4.770","1"
